Cluster 1
2682134066
278544757
278545009
278547939
2872340457
3379488139
40221657
40221670
4040194518
5773417047
5777307730
2587362435
2764399631
3173783158
4733364893
4734019980
5538918645
8330802589
8330803139
8330803351
8331888438
9637068712
4108654984
5290827378
5962924078
7867470286
7931080032
9420640985
12496940295
1427900533
1594465288
2463787037
2686714982
2686723074
3103008752
3829738107
4004620403
4528159154
4622498763
5200000437
5783163894
7462076970
7770588684
9015160185
10452850345
10796281115
10796324356
2877998643
2898561843
4267806859
5135330366
5377711513
6254920002
8247181063
8248263078
8524273806
8665835354
9283153097
9570078036
11751716684
3274975038
4133265684
4166172947
4230563925
4263380843
4456203296
4537520576
4806012538
5051515825
5110539285
5455973077
5455974961
6098236714
8020755507
8396212236
10719822535
10892194156
2262110969
3145638910
3299100562
3443824338
3821451931
4268082663
4438562503
4438563559
501748971
5271356488
5502974018
5542983848
6931849032
7381749666
8513657035
9504102725
103570249
2829747487
3799085111
471119878
471159319
51548449
56886907
6084535990
6178575875
6226637594
8045917405
8419938111
10045868856
2183292799
2951917734
3473162568
3951834477
4312634071
4313369118
462896945
4922244491
512080179
5175913491
544583874
5951279654
8493307976
8877807358
10041384303
10686650375
11429170003
1807291566
2433680752
2829539274
3259032369
3292117677
3298433827
3530775049
3770849041
4459177390
50742869
5452759540
5716020802
6494667935
6624557893
8556155563
121717601
1973118421
3411837455
3769135761
3825966954
38397358
3980925432
4511272595
4680179205
52051877
5214154140
5683046217
6375744231
7568477022
7959557782
10523803074
10536056213
10536057123
10536163974
2830852009
2830930075
2830940393
2830957447
2831712528
2831723610
2831734788
3944724351
4286923810
4286936488
5207029843
5207030867
8718331592
1764492226
296734019
3486795312
4678405231
4678737106
4815285674
5737198833
6754825559
820570356
8267375900
84522771
9327178314
9545335019
9548119788
2972708359
3434794279
3862885131
4574103166
4889207749
5061762285
5061762551
5061770993
5061775187
5061776617
5061778023
5061779633
5061782873
5061791373
5062372272
5062387464
5062400094
10195882726
10195898496
10195933195
135039065
1442822407
1490265543
1490268307
1490271201
1490273857
1490276087
1490283217
1491113882
1491116284
1491119166
1491134412
1491136894
1491141582
2297463887
2298243482
2298244566
2298245122
2298256116
2298257124
2298257598
2337424153
4287904985
4287905697
4288648884
4288649304
4382420643
4383183440
4401505185
4402266760
4409398014
4424697607
4424707439
4424710395
4425466928
4425470286
4426886553
4426896357
4426919197
4427653046
4427669570
446147662
446153951
446163794
446170751
447173845
447185314
447191477
447212881
7000905666
7032409059
7032411801
7754466100
7754466396
7754466736
7754467268
7754467812
7754468296
7754470042
7754470490
7754471262
7754472466
7754472936
7754474506
7754475108
7948795526
7948839448
7948871370
7948888948
7948900922
7948991128
7948998970
7949006720
7949014264
7949049474
7949084638
7949093624
7949101452
7949109780
7949207892
7996643779
7996660780
7996662856
7996665913
7996675007
7996680768
7996693101
8974607384
8974608162
2178791446
2982903253
3599904413
8373991722
9045172142
2166535100
2166538070
2166640208
3239781062
3239781990
4062571667
4063318506
4063318914
4683689501
3759753035
3759877843
296028136
4637020867
4637524520
5625162585
5625192265
5625194905
5625741248
5625766310
5454769656
88494956
185128007
2365850314
4357819418
4960718138
4721556302
4989360074
5213996871
5440915396
5669721997
6158794323
6248193828
7756471780
8047217741
8810438217
2215439862
2450216244
2902591727
2903435370
4501138433
4501788190
626390527
7189671892
7708306446
8155178515
8557890681
8654391386
8773336198
9282586236
11865424513
1428410597
1429278230
1429294428
2730391894
3298521154
3298563892
3788328460
4012849041
4439026950
5134644088
70503247
7748960548
9364856115
112243575
1811502361
1944634590
1956115854
2392833234
3309818987
3393037264
3435446916
4598845104
4746428890
5554064813
5611681967
6274935598
680290015
7037628693
8264997786
11750946615
2313903253
2614355710
2771195589
3170658801
3185715876
3313230114
4106630422
5269511496
5497373953
6077442803
6077486331
6077516071
8219343527
9339922364
9857741145
10754066633
2482772123
2914167342
3397468387
3951504485
3985873730
481403396
4847511916
6417790281
6491465199
6799483464
7669686422
8754304907
8993188812
1717395294
307617886
3389624448
3568588428
4424355700
5652466389
5898178647
5898183199
6393466943
6669392599
7225663952
7572885618
7987838759
903790604
11497536
2461004307
2973792977
2987910083
3720123843
5118492559
5128345548
5175933457
5987191032
6691920767
72866324
7698280
8561278416
8839350484
9558072356
####
Cluster 2
2058915459
2058915961
276319569
278546373
278547181
3379261271
3380078874
3380308894
3717672447
40221707
40221775
40221783
4252617618
5187089053
7011360791
24333403
330072686
331229065
3739368855
3740146414
3908989117
4733382879
4733384559
5454982227
7196668032
8331860376
2690010339
4771811647
12497053754
1428779394
218441561
2463791517
2686725548
2907638727
3113303153
3829738249
4004643769
4528166814
4532322806
5245196553
6459898557
7462124956
7770589416
9015164343
10452862095
10796446424
2486786800
2878583399
2899501674
3582023192
5135399058
5378309608
6774160794
8044743915
8415565267
8524286150
8724766937
9283161445
9570081662
11751728964
4025940717
4133266622
4166176889
4230569443
4263381473
4456209756
4537525172
5038156875
5051519217
5110542687
5455990367
6099515968
6997718055
8020756310
8989887343
10719825096
10892194686
2262114667
3145640418
3299102656
3443809302
3821453739
4268083017
4438568385
4441652298
501760895
5271360770
5502976066
6932994294
7381787616
8301494205
8513658387
9504113415
1516349522
32118433
394174579
471121004
4764567753
5338890939
5773015036
6150926594
6178578153
6226638274
8045920865
8434377050
10045898593
135116101
2951944040
3473255564
3952579860
4309531528
4309636706
4312636941
4313371366
509940000
5175914251
544700743
544706421
8493324986
8877813508
10427928396
10686675996
11429175363
1806451331
1806463491
2976144
3259033655
3292081585
3298434489
3531574692
3771541084
4459177806
50742900
5350746618
6044948309
6494668899
6624567857
8556155993
121717602
2155426433
3412640408
3769926194
3825983374
38398055
3980928580
4518837939
4680810380
52051938
5217784116
5683051653
64197029
7568480222
7959560158
11367698445
2313005255
2526822293
2830891655
2830902241
2831800840
3769976991
3844074154
3944721537
40220523
4286914204
477373393
5207619966
5340248760
6925748381
1080650308
11401200993
1764496714
243223285
3486797886
421994302
421994323
421994357
5737199547
6754834695
6754882129
7621473930
7621476628
7621481940
7621483744
7621486156
819729391
820551032
9327125986
3862851419
4889196603
5061777521
5636692267
59041138
5951182393
6829110588
7093077551
8384433912
8482556055
9690535726
10195847363
135403450
2297447765
2337424477
3193676809
3194523092
3194525358
4287906793
447166620
447248234
7754471800
7754474014
7996647919
7996658306
7996662243
7996664877
7996679491
7996688696
7996702146
1861199892
2178789974
3599903709
3600714776
4702788468
9035177083
9162227202
946152386
9809868413
169892499
176087446
2197756325
2234610680
2366432827
3178664767
3239785078
3410857260
4063318122
4684071566
4707179957
4822524241
4854744915
5394787364
5866561812
9027365431
199555638
2599102242
2921951447
3161252379
3760187530
3886519232
4017014699
4277654784
4760014329
4805195722
5199668591
5324578005
5992435138
8326528174
8933609163
9538710516
10660106983
296036813
3200093159
3691776525
3834639707
4644065107
5527859257
5625771160
5637233342
7259471032
8051589827
8190317898
8265465341
8365028594
2131413503
2703105035
2765054479
2961702363
3638203355
3668230420
4075755931
5011631731
5083485500
5550442083
5618664016
6880116951
7333983826
88495086
2114667185
301669987
3294079777
339509632
3416580960
3457812108
3779340635
4481578877
453107663
4711995426
5143878417
5569328158
8027033562
8104349899
8582151670
1673365514
222173555
2356355806
2697000780
3142947244
4216526269
4262615328
4348326957
480418904
5170044446
536008018
5631863348
5758921508
5835305952
6279465865
6492354893
7284055674
11732230455
11820603876
2219519157
3516859062
3900060618
4721557946
4989365306
5213999239
5497682231
5669723349
6159319674
6263799451
7721575202
8047219317
8810440157
2216540933
2477871254
2903479300
4257656589
4258419896
5099625465
626405993
7189681078
7708306700
8155179911
8557891475
8654402912
8773346090
9838838294
2729310629
2779198886
3020386296
3298558312
3629414913
3630233340
3778487203
3827225565
4012849131
4439033482
5134127925
70503283
7545558754
7545559392
7545559752
7545563786
193789678
193802181
2392835042
2779729550
3393038960
3434567667
4598848520
4746434804
5096278363
5611687251
6279892153
680313683
7037629487
8265039974
11751023475
2523944107
2614359260
2772036020
3170659495
3185723398
3313254336
4106630562
5269511646
5497365227
6318555208
6911038383
7473339568
8219345625
9339923372
9857780413
10754272665
2482775717
2943175092
3397472543
3951520407
4056769011
481403732
4847507978
4847508172
6491467273
6801572390
7669688356
8754314739
9186157305
1721103986
3172500399
3389624832
3568604796
4881459899
5653016770
5898739182
5966004664
6393467375
6669393537
7225670084
7572888788
7993607792
903801176
2354714589
2461004455
2973795209
2987910331
3720935484
3884665115
4928049724
5178267201
5987191848
6691921147
7323923
7846944456
8561288412
945742711
9558142764
####
Cluster 3
1832536520
2058915725
278547325
3082007427
4039454813
6865246244
99211370
99211785
99211924
3739978971
3740150104
7999088401
8331889628
8658660241
8693768333
9633828985
2706098567
290354671
4027641657
4107880947
4685008485
4771813139
5290225999
5290829838
5962845226
6828825667
8297090079
9420660041
12497065235
1428779914
218441624
2463793937
2686709276
2686712866
336289276
3829738763
4004949705
4528181226
4793714649
5361686565
5783161424
5960505480
7770591064
9016320678
10470163856
11232384465
2486787268
2878584519
3762707315
4382797890
5135418582
5378309948
6775122856
8247182899
8415571739
8524288580
8725883340
9283200289
9570085070
3274152973
4025942939
416544407
4166177287
4230574853
4263382187
4460285544
4547363613
5038157503
5051526321
5110554397
5258780260
6099517784
7054346561
8395113713
8989902981
10719831656
10892194976
2262327944
3145645062
3299113152
347111281
347112906
347112984
4438566597
4441652870
501761869
5271363586
5502977112
6931850042
7381807380
8301494923
8514757824
9506816864
1523263873
2356257745
2829747023
2829748803
2830587782
31799359
31802322
416345714
4827670738
6232867321
8045921381
8505375057
12044649575
2183301183
2951008473
2951069467
2951859592
2951861710
4316754111
461601946
4910005618
4912686098
5251533776
544579844
5951285958
8492178225
8877830126
10427994505
10686677944
11494181795
1807296328
2828701151
2976167
3259034411
3292144501
3299257052
3531576730
3771560958
4459177970
50742923
5715385311
6044953317
6494669993
6624571617
8556157009
121717603
2155432849
2710777669
3769932632
3825993336
38399148
3980930572
4519468214
4680811086
52052082
5246235280
5688007309
64198400
7568465888
7959562516
11367710756
2313009581
2529904153
2831778296
2831788216
2907416708
3770006391
3844086536
3944780599
40222616
4286189159
4286916166
4286923028
4286931914
6925748483
11400972336
11401096703
1764523648
2800875890
299114458
382180684
417793033
421994369
4678405185
5910089397
7621474796
7621475744
84532459
949287700
11933273473
2277354398
2972710017
3434847955
3862885865
4574103220
4889210017
5062927967
5637174752
59041159
5951665592
6829116522
8383346711
8481036067
8483647830
9690554722
10195907123
10195966583
135395894
2338258414
2338258482
2338258922
2682990547
2892570408
3328278403
476521787
10530998866
1427823233
1428450809
2178794132
2982903155
4515411642
4635896774
4650302883
4760826641
487643341
534636363
7943346658
7979813277
8239290674
8373983796
9290448311
946157314
12281305945
169892598
176087515
2198535282
2348425577
2366435935
3178666113
3239788122
3410860242
4295926845
4683480527
4707179963
4822526915
4855336608
5394801336
8684202263
9027372941
199555651
2599106838
2921958007
3161256443
3760201030
3886520566
4017698526
4471379667
4760025011
4824282401
5199669679
5373379852
6119267298
8326528622
8933609343
9538749988
2633417607
296040325
3200096481
3691779829
3834640843
5229818440
5527860673
5625773610
7154217817
7259479040
8051591272
821428749
8265467555
8365030406
1185024608
2703127043
2765059913
2962495956
3638206801
3668233676
4076508626
5012252114
5398421135
5550450641
564157851
6880119125
7344780180
185127397
2114667495
2409099486
3294091857
339510410
3456989705
3469474601
3779346675
453088898
453107945
4767827587
5143884079
5569340632
8027038398
8104350153
8582151772
1684589201
222181157
2356405382
2697060262
3407588881
4216527527
4263273897
4348372947
480419052
5170044846
5230231312
5634045433
5758923594
608304277
6279974390
6492356293
7284060516
11732272425
11820607006
2219520501
3804449389
3900060798
4721559334
5096313333
5214586746
5497684833
5669726671
6246446035
6602678237
7756472070
8047220044
8810440549
2216544555
2457745846
2903521994
4257657019
4258418616
5099634667
626407669
7189701544
7708307028
8155183601
8558970800
8654409280
8773360440
9838858124
11865560484
1428409401
1428417521
3687288073
3732092259
3732925942
3778500481
3830392970
4012849233
4438256039
5134662696
70503297
7545558012
9364892913
112243180
1811503423
193794600
193794990
2392835410
3308439478
3393040676
3435556260
4598859698
5096279109
5554065147
5612266992
6279907527
680394297
6891541216
8265042836
11751039725
2523918981
2614369444
2772036760
3170660905
3185623536
3313259918
4106629292
5269511806
5497362355
6866650616
6911118857
7473343860
8219346403
9339928766
9857793423
10754351066
2482779969
2976176423
3397500309
3952254100
4057508220
481406552
4847516024
6417793045
6491467667
6801572484
7669731928
8754330321
8993146626
1693648021
1694496320
3389625072
3568608944
4881460063
5653019042
5898171817
5966004670
6393467823
6669394175
7225670612
7572890686
7981954679
903781792
2355546016
2461004853
2973797889
2987911441
3722582278
3885456070
3885459460
3885467754
5987191936
6691921481
7639980088
7846949504
877384903
946553486
9558757600
####
Cluster 4
2518138434
278546233
282276797
3296559575
3893921987
4039417307
4039417311
4039417327
4039417329
4039454903
4040194494
4040194500
4040194502
4040194506
4040194510
5871980827
5872007993
5872016747
99211319
2629816509
2630671840
3770185618
5454988509
6292210355
7134958169
8181777060
8331858452
9633827175
9637074880
4108657666
4108661410
2464582312
2837147288
2908480738
336290206
3830532848
4004951697
4528643488
4830650731
5361689701
5790803571
7468141678
7770591610
9016330414
10567142394
10796287025
10796381114
2878586011
3763499450
4382798484
5134817803
5378310692
6912340885
8044745879
8044755196
8044755598
8725883454
9285920370
9570089356
3274153053
4015978965
416544501
4166177593
4168837448
4168840262
4478631503
4547380971
5038158893
5052122246
5111011712
5258182991
5258779264
5258781954
6098967815
8989919671
10719832864
10892195306
2262338654
3145646292
3299113566
347111502
3821454361
4268083377
4438574653
4441652936
501768683
5271368462
5502977988
6932994858
7381815678
8302530592
8514759660
9506844954
103574946
2829747841
2830588252
471121204
4764571853
4912712983
5338890679
6150928494
6178581247
6256799042
8045921887
8739328843
12044924063
2183306153
2951950136
3474151758
3952588018
4317467692
4476855358
465191337
4928814004
5175916261
5251533840
5937710790
5999532820
8493392970
9067737103
9069973156
10686683314
11494188455
1807313938
2828701349
2976176
3259036071
3292294323
3299257220
3531584126
3771568410
4459178080
50742944
5715410211
6044961427
6494673379
6624575811
8556157095
126338879
2155435775
3412641574
3769935968
3826010074
3863809775
399609903
4646920935
4737915233
52052146
534444862
5688012049
6375741663
7568484956
7959565666
11367716826
2313010863
2529908955
2784174718
2831758218
2907432046
3770028511
3844091610
3945202422
40222617
477044465
477374463
5207630438
633466358
811688950
8718331282
8718332840
1764528664
2800022765
2800026713
2800027615
2800870138
2800870418
2800870804
2800875062
296734012
296736016
296736020
296738576
296738580
296738583
296740225
296740233
3677556170
382180783
421994275
421994294
421994338
421994384
421994402
421994427
9327173930
948426121
5062393122
5062397858
7728439696
134073694
135051921
2337424251
2337424539
2337424645
2337424745
2337424793
2338258648
2338259044
3197208399
3197209447
3313758930
447220443
2982903349
4500267985
4500270931
4650317765
4760827205
487649798
5110021878
5110023680
5110162700
5110192818
8374000518
9290463533
9792654495
12281316245
169892994
176087097
2166529822
2166530664
2166540244
2166542014
3255539607
3410866204
4062569581
4062570069
4062572643
4823132978
4855337804
5865970925
8684204191
9027397731
200239613
2599110112
2921961809
3161260655
3759257079
3886523042
4017744304
4471397099
4760053519
4824898368
5199670961
5450278548
7189294274
8326529064
8934218100
9538774254
2633418313
296041301
3200932110
3691795385
3834643787
5229820728
5527865507
5625778544
7193009490
7259484982
8051591319
821429619
8266528200
9254681901
2132188900
2732223867
2784052177
2962497360
3638208265
3676039021
4076508876
5012620118
5398424083
5550458351
564171359
6880119369
7333982582
185127488
2114669011
302435170
3294093039
339513365
3456990257
3469476213
3780144748
453089046
4694931060
4769599645
5144463646
5569346152
8027012353
8104353803
8582152100
1685434866
222163079
2357618602
3029355103
3407591603
4216543999
4263274581
4348313413
480419186
5170045744
538263047
5634661359
5758925432
608309425
6279975618
6492367617
7284062702
11732322485
11820609696
2219521021
3804461369
3900060924
4721559848
5096313455
5214588478
5497692837
5669701655
6247663849
6602680623
7756472312
8047210671
8810440817
2217335676
2456918469
2456918629
2477060887
2849498613
2849498673
2903432858
6739487927
7191707200
8155184983
8558970954
8671077420
8978419236
9838887075
11865424963
11865430103
11865978146
1429286906
2730437774
3629404073
3630184852
3944406887
4012849323
4438252755
5134695840
70503355
7545562786
7545562976
112244038
1811503757
193797926
2232146012
2399262243
3309860357
3396193652
3435585816
4745749035
5096280907
5554065419
5612267858
6279910199
680419277
7037630201
8265049954
11751044075
2313907005
2313907535
2772038328
3171484234
3185723606
3313264608
5056614025
5269512796
5497376933
6866667448
6911130395
7473349148
8219347763
9339929824
10405932235
10754359856
2482786763
2976178615
3397529403
3978328679
4057508622
481407168
4847516728
6479931561
6491468795
6947680077
7669734690
8754334063
9203105571
1709427114
307617851
3389627808
3568617568
4881460225
5653019748
5898741904
5966004674
6183133216
6183176212
7225967714
7572893464
7980828412
903801192
2355546106
2461005599
2973809637
2988766914
3826727035
4928098875
4928692780
5178864052
5987191980
6691853523
7639986630
7846965770
878234910
946558196
####
Cluster 5
278548445
12010718044
24333421
2630632918
4733390611
4734115476
5993419426
8331858680
10633226065
10660483606
11702793714
11703565136
1427343546
2411640183
2532642343
2620006557
2706098941
290355495
4027644415
4107881817
4685001363
4771813289
5290237269
5290887022
5962926542
6828820619
8297104113
9420661179
12497092273
1428780040
218442238
2464598498
2898278335
3092716777
336290760
336302378
4005081942
4528643586
4831261338
5536324142
5959969353
7468144868
7770594962
9846927264
10567356683
11349002284
2486787510
2878831654
3753287978
4872945123
5135420928
5722301303
6912341307
8247189513
8415578439
8524290820
8725883532
9285923900
9570091184
3274153293
4025944623
416544721
4166180925
4230586007
4263382931
4478632177
4547995996
5038159283
5052126248
5111026452
5456075003
6100462083
7054350639
8395122203
8989926863
10719836514
10892195586
2262342176
3145653644
3299113906
347111698
3821454899
4268083769
4439339206
4441653048
501778315
5271377030
5542398925
6932998764
7381824992
8302531376
8514763212
9506849530
1523271735
32118479
36535126
416345717
4760893313
5338890507
5927507581
6150948924
6178587701
6374585223
8045924078
9186318896
12044979074
2183308589
2951965474
3536116282
3952607184
4317472438
4476856270
466220980
4918999221
5175918109
5251533966
5950655857
5999647578
8877200925
9067738157
10427997426
10686686044
11494195405
1806453489
1806455411
2976181
3259037865
3292317977
3299260498
3531586644
3771573376
4459178306
5350121769
5715411349
6044966447
6494678493
6624577709
8557264584
141676584
2155438737
298038233
3769942572
3826017230
3893218482
399609906
4646923867
4979123403
52052550
542108715
5580052759
64849571
7568487930
8815055184
11367731175
2313044423
2529912059
285689351
2907433870
3471778308
3770063713
3844097096
3945206018
40222618
477044873
4805371335_1
5336468641
6339770591
8633728015
11400976535
1763632205
242641135
267986381
2800870692
421994283
4678737118
4815287512
5737200773
6754793561
7621490054
820540882
84532518
9545326009
11933453424
2277357422
2972869611
3434856139
3862843013
4574103282
4889216723
5058433014
5636684249
59041174
5951174457
6930783238
7294693332
8481036527
8483649192
9693996533
135038695
135403439
2337424383
2683806696
3193677513
3197210759
3207995524
4287908119
447253591
5300419005
1001205877
1428611460
2177842235
2492113392
2983758892
3600715880
4635894400
4635895062
4760827501
487509630
5110019082
5110028554
7982316941
8247196215
8373978560
8373986714
9792661515
12281415823
169893105
176087622
2198535954
2348426989
2366439529
3178666743
3255618721
3410052743
4295953433
4684074762
4707179969
4823133798
4855356012
5394734130
8684212773
9027414519
202685456
2599112732
2921968941
3161262849
3759303603
3886525796
4019348496
4471494795
4472535510
4824903132
5200253528
5495833815
7189687334
8326529290
8934218442
9538786930
2633421419
3098866733
3230062835
3691805243
3834659141
5327193995
5527867525
5633677437
7193072572
7259485350
8051597472
821429775
8266539620
9254682733
2199742801
2732224763
2784053119
2962504910
3638251767
3676764306
4076509332
5012623182
5083475972
5454767960
565901964
6880120867
7333983470
8523314469
88494548
302435189
3294094001
3415726561
3456991217
3469477957
3780146172
453089632
4700846120
4769609553
5144470020
5569353718
8027042270
8104354217
8582152358
1685436554
222190662
2695578775
3029355311
3412911223
4217289592
4263276405
4349064496
480419820
5229497385
538263063
5634662765
5834620059
608311053
6279975794
6492373237
7284065246
11732354385
12394260295
2219523233
3805261350
431812948
4988731805
5096313609
521677044
5497694405
5670274044
6247664455
6602682907
7756472496
8047221032
8821024424
2257547988
2477871906
2903524322
4257658009
4501140729
5099651367
626422679
6739493259
6739504555
8155188753
8558975538
8671091746
9099219295
9838891576
11285399
11865972836
2730426066
3687288705
3732119603
3773755365
3779286782
3944409335
4012849691
4439034280
5134714892
70503374
7545557102
7545557650
7545558164
7545558604
7545559118
2293092517
2778834633
3309873475
3396194692
3435588820
4745763089
5096285041
5554065539
5612270238
6279953711
680827502
7037631309
8265051998
11751052205
2523949851
2614372366
2772039126
3171487000
3185723928
3313272320
5056736599
5269513024
5497378599
6868439308
6911141373
7473432344
8220410000
9339931348
10423178764
10754361846
2482788211
2976179201
3397551299
3985075445
4216955108
481407628
5138240457
6479933111
6491470619
6947680431
7669740696
8755383884
9203107857
308604130
3173167500
3389628258
3568621734
4424351668
5653021618
5898725970
5966004680
6393468353
6669394827
7286541026
7572895076
7983746133
903781822
2361854469
2461005897
2973812827
2988768224
3827584050
3884662103
4927446001
4928041884
4928054552
6848891996
7639992150
7846972040
8838667969
946578990
####
Cluster 6
5872558094
5872570838
5872572524
99211656
8712618991
9633835821
9637083034
10452269596
10633240256
10660522504
11702889924
1426403537
1427356636
2411676021
2532647681
2620008187
2706099055
290355908
4027646409
4107884203
4685633294
4771813577
5290290829
5962309865
5962940222
7867545190
8297364063
9423395702
12497114985
1593561917
218442505
2464599776
2898280373
3092717999
336291419
3770431016
4005237996
4528643888
487253534
5782580027
5959963547
5959997957
7770596078
9846930764
10587186216
11349015604
2486812496
2878832464
4120530597
4873565340
5135423086
6250104087
6912341571
8247193673
8416673870
8524295618
9003264913
9285925416
11510584043
3274153589
4026690998
416544763
4166928084
4168830104
4263387515
4478633745
4548003318
5038159909
5052128624
5111037314
5456110051
6851594024
7054351639
8395123619
8991095498
10719842495
10892302134
2262345826
3145656440
3299114366
347111759
3821455475
4268084539
4439340094
4441655880
501786641
5271383902
5542401407
6933001284
7381878620
8302539206
8514764466
9506852738
1523277395
32118529
3970789234
471121472
4764573113
5353149648
5927508381
6151033327
6178597091
6445111245
8045924676
9186319976
12045021564
2183311503
2980998033
3629159169
3965822399
4309410298
4476856682
470006382
4930867307
5176517974
5251534158
5950661603
6231951817
8877203469
9067738777
10428014596
10686690554
11494476485
1807314902
2828701829
2976189
3259067025
3292872806
3298433747
3531591574
3771662660
4459180662
5350122301
5715422061
6044975521
6494683873
6624594987
8557265018
141676685
2156224882
3580287701
3825152325
3826021908
3975540357
4049643997
4646924081
4979732232
52052591
5475279928
5688579490
6528444885
7568489686
893230157
11367738404
2313044951
2530700122
285689616
3035203913
3471781758
3770706544
3844099134
3945498430
40222619
477045951
4805371907_1
5336492721
6779631882
8634837968
11400980065
1763635451
243216999
2800022495
2800026939
2800027169
2800865380
2800871058
2800875336
421994350
421994419
7621490904
84532530
9548145406
11933493993
2277359774
2972872955
3434861765
3863621498
4574103466
4889795778
5062928979
5637182266
59041202
5951675164
6930840176
7767239584
8384432586
9687286391
9694026479
135039961
135405610
2682969195
2683812028
3193681281
3207126857
3208004720
4287911247
447254085
5301002552
10531062644
1428614380
2177843201
2548783943
2983759370
4635284819
4635897572
4650777700
4760827875
487658962
5110017396
7948664278
8021565580
8314752968
9035190459
9290473707
9792663515
12281473513
169893197
176087779
2198543144
2349256820
2366447323
3178668469
3255623987
3410872336
4296665684
4684078516
4707179979
4823134114
4855359798
5865973377
8685319514
9027425329
2410209145
2599114404
2921995787
3161264431
3760286806
3886526290
4276880289
4471758695
4760065957
4881421629
5200254472
5573048197
7189845902
8326529498
8934222522
10659426465
2633428697
3098875501
3230062853
3691825461
3834663499
5327194153
5527872343
5633727625
7193104056
7259485734
8051598518
821431257
8266544288
9254685133
223913594
2732237239
2806871738
2962505958
3638264271
3676857188
4076509470
5012626500
5398427797
5550461819
566295389
6880121837
7344780326
8524422014
8593746331
302435192
3294095057
3415734081
3456991395
3469479001
3780148818
453089812
4702099004
4960115751
5144471796
5569373536
8027043676
8104354311
8582152490
1685437786
222207609
2695689161
3029355467
3412912743
4217306090
4263277693
4349116310
480419960
5229638235
543179799
5635242532
5834650619
608313727
6279979662
6492376689
733327580
11732393785
12394503023
2219523735
3805376786
3899279153
4988734979
5096313677
521704275
5497694809
5670279820
6247664891
6991343152
7756472742
8047221157
8821025202
2258160457
2477873668
2903526246
4257658331
4501142371
5099658661
626423947
7189732106
7708307258
8155196702
8558976032
8768427721
9279760637
9838945473
2729398997
2730500198
3297685197
3630177754
3732129443
3773757247
3779289528
3944409745
4012849801
4439035296
5134720980
70503386
7748961536
9364897817
112244042
1812346070
195133578
2293879588
2778840281
3309896949
3397107719
4598224965
4745768037
5096285773
5554065599
5617737535
6279965095
6280549492
7037631873
9617659901
11751129883
2524735294
2614375716
2772039580
3171488340
3185725074
3755043132
5057268406
5269513210
5497383891
6868463116
6911155485
7473328636
8220412330
9339935222
10423185434
10754568493
2482789731
2976179619
3398261716
3985077169
4534113784
481412759
5138246823
6479935103
6491472913
6947680571
7669743422
8755387494
9203108375
308612787
3173195672
347358821
3568637792
4881494463
5653022524
5898744892
5966004686
6183169258
6669395371
7286671490
7572897612
8752005833
903801204
9844420835
2461838060
2974629162
2988769396
3833178895
4928044682
5128355692
5179909999
5987192110
6848901676
7639998126
7847013976
8838678591
946619662
####
Cluster 7
5976286732
5984541482
6896217282
7814794598
9372973814
9633836943
9637098168
10452320753
10633459373
10660534024
11702906164
1426433995
1427361820
2411682265
2532657933
2620009299
2706099761
290356084
4027647005
4107885699
4685634044
4771816811
5290297283
5962310647
5962943290
7867553528
8297422693
9423397566
12497128795
1593577773
218442543
2464609084
2898308633
3092724249
336291787
3830533180
4005242376
4531527508
487258854
5782582075
6459899005
7468149150
7770596642
9846989364
10794341375
11639889845
2486816798
2879418392
4121303790
5052033973
5135428564
6250108839
6912342059
8247197197
8431308366
8664734855
9003265551
9285930254
11516298045
3274154055
4026692112
416544843
4166930352
4230590429
4263988782
4478634303
4548003684
5038769684
5052130156
5111052798
5456152037
6908252562
8020591964
8395126701
8991128682
10719890416
10892303164
2262366628
3145659140
3433119864
347111824
3821456895
4268085119
4439343790
4441656078
501796631
5502374037
5542402213
6933001888
7381886208
8302540384
8514766368
9506873544
1523281215
3291755114
4021813422
471121914
4764573589
5362765655
5927509527
6151087183
6178609453
6819698981
8045925340
10045378096
12045478526
2183317649
2980999601
3629163439
3966587496
4317474802
4476856880
470019825
4934528512
5176518500
5251534830
5950671491
6798572025
8877204767
9067739127
10428041154
10686694456
11494476694
1807316072
2828701983
2976199
3259067845
3292900142
3299260714
3531736142
3985550
50494601
5350122501
5715442729
6045501062
6494684361
6624614089
8557265366
141676774
2252520847
3580290951
3825156933
38385288
3975541205
4049644769
4646924937
5001745154
52052657
5500617031
5688602988
7181452217
7568491844
9161873374
11367749426
2313793778
2530717492
285689770
3036035670
3471783700
3770718872
3844103166
3945505712
40222620
477046843
4805373157_1
5336576895
6779632264
8634838736
11400999874
1763638935
243217057
3485942395
3486806664
4678489785
4678812482
4815293126
5737202051
6754838873
820603106
8267379220
84532558
9548270782
11933848736
2277362222
2972884059
3434911449
3863653990
4574103592
4889815742
5062929955
5637183904
59041289
5951679048
6930908102
8383347493
8481041915
9687293017
10195601364
135040382
2298246736
2682970641
2891518357
3193682233
3207142033
3208070938
4287911697
476507546
5301004802
10920862756
1428622784
2177851937
2548794557
2983759898
4635286539
4635892272
4650828018
4760828391
487666298
5408453349
7969115056
8108861827
8314754328
9037390000
9290476889
9792667384
12281698394
169893485
176087870
2201679053
2349257988
2366452247
3178669733
3255625935
3939810977
4296690952
4684078910
4707179983
4823138672
4855362442
5865998709
8685321724
9027464697
2490343911
2599119168
2922761252
3161267785
3760335435
4011385028
4276883779
4472153392
4760073205
4881422019
5214455310
5620652441
7190120126
8933603607
8934222904
10659456165
2633432523
3098876333
3230063449
3691836173
3834666595
5327195087
5527877199
5633814709
7193109366
7259487746
8051598649
821431857
8363943841
9254685959
223913777
2732239407
2824813143
2962506932
3638273175
3710370971
4076509600
5012629886
5398432423
5550473443
566300201
6880122441
7344780914
185127557
2114676403
303002826
3294097959
3415764411
3456991825
3469486063
3780152428
453089874
4703314180
4960117011
5144478508
5569397204
8027044882
8104365500
8582152602
1685439082
222210641
2695874003
3029355971
3412915661
4217337792
4263278691
4349122720
480420136
5229638367
543179827
5635243374
5834654687
608318725
6279981036
6492379519
741255651
11732748375
12394506145
2220309998
3805518422
440820923
4988737127
5096314303
539919028
5498276900
5670288938
6247665303
7201319212
7756472964
8047221324
8821026606
2258171683
2478873975
2903530486
4257659425
4501146209
5099670993
626425111
7189748072
7708307496
8155198192
8558978104
8768460867
9279762379
9838948093
2729466735
2779203671
3297701675
3687292105
3732875654
3774565464
3779292138
3944410843
4012849897
4439035736
5134734728
70503411
7748961958
9364925377
112244446
1812346226
195152065
2391990493
2778848263
3309898393
3400132921
4598238923
4745825323
5096294117
5554065737
5617739573
6279969201
681114448
7037633887
9617660115
11751130873
2524738124
2614387646
2772040972
3171489052
3185725590
3917718572
5057313604
5269513328
5497388857
6868482726
6911164987
7473784730
8220413134
9339938192
10423191424
138908177
2482817075
2977031608
3398303642
3985087547
4791684371
481414417
5138256361
6479937569
6700311309
6947680687
7669778380
8755397068
9203111957
308612814
3173253844
347369751
3568646278
4881495115
5653025092
5962728317
6182579297
6393469081
6669396721
7292997246
7572898836
7796618058
9844193504
2362685888
2461838546
2974633342
2988769926
3833338131
5118492633
5128357596
5179922617
6158543528
6995023041
7640005896
7847017438
8838701083
9554397299
####
Cluster 8
2453298559
2629851239
7008052793
7816994786
8690059626
9633843707
9723829589
10452363613
10656743583
10660546806
11702937624
1426473017
1427375124
2411757963
2532659689
2620011333
2706100063
290356784
4027655541
4107887033
4685634504
4771816933
5290298147
5962311985
6828719093
7867583610
8297428311
9423398520
12497216703
1593625299
218442599
2464615440
2898338603
3093557056
336293060
3830533352
4005254266
4531616981
4622498265
5782584543
5960538920
7468153900
7770597426
9846995484
10794458684
11960519616
2486817094
2879419816
4194071651
5052651566
5135430060
6254345717
6912342291
8247199327
8432750536
8664737049
9004444004
9285935380
9567251651
3274154165
4026694764
416544904
4166931160
4230598873
4264127650
4478634625
4554231549
5038774842
5052130916
5111072284
5456203417
6908254000
8020631558
8395130859
8992695386
10719926344
10892303784
2262891548
3145664852
3433122096
347111869
3821653979
4268085715
4439344256
4441656468
501810169
5502375353
5542402543
7077928479
7381897318
8302542098
8514767216
9506880930
1889799985
3516536035
405023985
471139704
4764574219
5363377140
5927510743
6151087439
6179095564
6825563755
8045925810
10045482563
132872354
135115983
2981858036
3629171779
3996164462
4317482112
4476856946
470032783
5041767379
5176521224
5251535082
5950680091
8492075597
8877205941
9067742495
10428093793
10686860083
11494541456
1807319362
2828702301
2976213
3259068153
3292905084
3299261094
3770735523
4458396589
50494635
5350122803
5715451325
6045504436
6494684929
6624618545
8557265820
141676823
2253322020
2843414085
3825161603
38386804
3976302614
4049644885
4646928511
5090713061
52052758
5500621361
5737713848
7181452741
7568496402
99225218
11367760666
2313794286
2530722110
285689999
3036040244
3471785688
3770758676
3844105198
3945509304
40222623
477047199
4805375885
5336594367
6908787505
8717206597
11401005065
1763641129
243218074
3485949813
3676723431
4678489799
4678891154
4815295122
5737747778
6754842711
820625612
8267403622
9324318413
9548317540
11941303485
2542064007
2972884821
3435262790
3863661214
4574103766
4889820560
5062937495
5637213132
59041346
5951684974
6943820680
8383348833
8482122842
9687295393
10195615874
135041471
2298250890
2682972097
2891727603
3193683061
3207167997
3306546275
4288645128
476507678
5301005480
10920918066
1428699474
2177984271
2548799221
2983760000
4635289199
4635897960
4650844346
4760828679
487688433
5642396911
7969160832
8207582553
8314754994
9037392252
9293179792
9792709704
12281705194
169893635
176088060
2201687285
2349259180
2366464007
3178671427
3256442764
3940589120
4296697498
4684082900
4707775918
4823139220
5392682851
5865999403
8686233240
9029558726
2492169221
2599123036
2922767334
3161268787
3760515910
4012214606
4276885251
4472159392
4760086821
4881423519
5282366360
5630026705
7191340074
8933604059
9524726579
10659584605
2633493377
3098878749
3230063477
3691842633
3835427898
5327195847
5527878441
5633827485
7193127406
7259489050
8051599470
821431967
8363944675
9254687593
223914037
2733053522
2852785492
2962509486
3638276555
3710372933
4076509824
5022944133
5398442151
5551028654
5828791279
6880123541
7352696164
185127601
2114677653
3118586039
3294122373
3415766329
3456992275
3470294356
3780159542
453106631
4711345351
4960117501
5144479708
562314127
8027047673
8104366206
872138825
1685440660
222216610
2696029395
3030189988
3413122673
4219774445
4263279545
4349131322
480420496
5229638741
543179841
5635243888
5834678415
608540186
6279982412
719874647
741255719
11732863965
12394604704
2220310654
3809239067
441445128
4988756491
5096314397
539942956
5498277400
5670289852
6247665743
7201320344
8002084261
8047222928
8821027118
2258177045
2478874181
2903532388
4257660145
4501149417
5099679869
626427043
7189752932
7708307688
8155205218
8558986902
8768496841
9279767211
9838952953
2729490129
2780060136
3297716571
3687292619
3732888152
3774810315
3779294788
3944414851
4012849965
4439035966
5582121742
70503450
7748951760
9364933303
112244447
1812346442
1954857953
2391991895
2778861397
3310625824
3400934744
4598239599
4745834327
5096874748
5554066051
5618322370
6280417560
681202774
7037637227
9617661329
11751246553
2524751584
2615604743
2772041130
3171494112
3185726020
3917725408
5057317848
5269513586
5497962124
6868509120
6916923093
7473789642
8220414854
9857533935
10650631163
138908525
2483574130
2977032484
3398318160
3985091689
4791687247
481415219
5138260287
6479939945
6700314595
6947680829
7669780204
8755407226
9203112839
308612827
3173282152
347449936
4402144343
4881495417
5653025752
5962728323
6182584791
6393469545
6669397377
7293028228
7572906112
8756072382
9844211954
2362686268
2461838666
2974641394
3649940147
3833374243
5118493907
5129174513
5180507304
6691758161
72855295
7640013522
7847022646
8838729545
9554758187
####
Cluster 9
2681337007
2681337017
2681345869
282297251
282304862
2872331799
2873159696
2873162268
318614474
318615210
318616047
3718485998
3796287545
5187098973
5187688058
5187688136
99211505
23059414
3740006657
3793501173
504119953
5315469321
7855909930
8112078862
8186830697
8228431672
10452213445
1426527283
2690021373
2706918582
218442851
2517655296
2898340443
3093560172
336293496
3830534392
4005389610
4531625489
487262328
5782587421
6460218519
7468158268
7770632698
9847007276
10795179754
10796250165
2486822226
2698918792
2698919922
2698921774
3762687997
6254346601
6912342569
8248244294
8432810306
8664737051
9172653230
9285980834
11516315035
3274973326
4026696776
416554452
4166934588
4230610163
4264128286
4479257570
4554246069
5038775178
5052131860
5111080962
5456307371
6908254370
8020635370
8395136279
8992698766
10719944656
10892462413
2262894346
3298273427
3433124884
347112073
3821654481
4268085925
4439344466
4441656560
5270752231
5502377039
5542402953
7079026569
7381916912
8302544538
8514769872
9506917918
103571386
103574519
2356258145
2356264285
2612111118
31802280
5927514557
6151088587
6179107852
6828141596
8045926392
10045488655
135114844
2183319977
288044415
3629979914
3951800783
4317495448
4476858062
4761830880
4912099789
5176522476
5251535492
5950693927
8492102621
8877216049
9067744841
10428164733
10686863483
11494558263
2432861455
2829537930
2976218
3259863278
3292945476
3299261206
3770743117
4458397575
50729151
5350123101
5715452149
6045505368
6494688491
6624622199
8557266074
1463310259
2253323890
3580293337
3764183351
3764183447
3764980144
4049644957
4050390564
5091309912
52052805
5500622679
5952559966
7181455243
7568498476
10474547324
11367788084
2313794806
2530723970
2784176470
308207507
3471787882
3770802824
3934445785
3945512630
4086056583
4286196741
4805378035_1
5336603721
6908787687
8717209265
11401010844
1763642759
243219574
3485976381
3676728263
4678489805
4814629597
4815297254
5737749272
6754847251
8266173547
8266340301
9324326243
9548335934
11941809575
2542064665
2972886257
3435457260
3863669406
4574103872
4889820746
5062938405
5637265460
59041358
5951687854
6943832696
8383349115
8482126630
9690520038
10195707104
135044805
2297434789
2682973699
2891734897
3193685193
3207176655
3306554623
4288645610
476508788
5301008932
10957217386
12283189364
12473400545
2548817981
2983760098
4635291903
4636373298
4650852656
4760829137
487692023
5642397251
7970026090
8207582957
8372890201
9037424112
9293189132
9792727203
12281712244
169893849
176088141
2201690867
2349262408
2367250226
3179502436
3352292923
3940590124
4296700092
4684098372
4707775920
4823142584
5394091593
5866518700
8688472757
9029610152
2492987710
2706401191
2922770680
3162081566
3760654960
4012521236
4276887523
4472189916
4760099615
4881425491
5287120473
5312566166
7191368356
8933604303
9524730919
10659610274
2634252000
3099692474
3230063703
3692557936
3835435622
5327197291
5528463742
5634382418
7193177754
7259492194
8051601508
821432141
8363946603
9254688325
2476294126
2733062198
288817385
3247826633
3638999268
3710376347
4077970907
5082873721
5399033834
5551030150
5828791811
6880115857
820107161
185127675
2114679055
3197885473
3294124405
3415768375
3456993315
348579535
3493362646
453106757
4711345411
4711356203
5144480530
6348991474
7116897329
8104369604
872143695
1695594256
222230805
2696161100
3030190126
3413127243
4219797403
4263280839
4349133882
480420746
5229638835
5631278579
5758168889
5758912270
608542690
6279986418
7284026448
741255779
11733012966
12394625055
2220311248
3809245299
441446537
4989332512
5096314487
539949700
5498278912
5670291784
6247666257
7201321608
8002086484
8047223406
8821027502
2258183835
2478925841
2599535370
2850329796
369445762
369446541
626429569
7189761950
7708307888
8155206766
8558988832
8768516369
9279813863
9838954383
2729552805
2730527690
2778342839
3687293943
3732902264
3775511193
3779296572
3944415507
4012850063
5134015125
5819438633
70503492
7748962450
9364940315
112242497
1812346600
1954857979
2392001617
2778867583
3307567251
3400936016
4598243005
4745838465
5096875304
5554649384
5618323622
6280420766
681206440
6891541374
9617662087
11751268593
2524759686
2613546193
2814999674
3171494954
3213336488
4105861783
4106629436
5268904225
5497964096
6868529050
6916937341
7473793280
8220419576
9857547165
9857729596
138909372
2483578418
2998910157
3398324266
3985098227
4791703957
481415895
5138269497
6479941871
6700317529
6947681083
7669793312
8755425458
9203115019
308612839
3173336908
347451895
4402166451
4881496733
5653035956
5965409463
6182593345
6393469985
6743328533
7297934902
7572910236
902931121
9844222264
2363348833
2461839250
2974643492
3657298650
3833620441
5118494471
5129198945
5180513666
6691758473
72856276
7640020774
7847027582
8838743915
9554791105
####
Cluster 10
1674805035
1675788826
1675790948
1832545692
2058916245
2058916965
2058917075
2059701494
223803205
223803241
223803289
223803340
223803380
223803444
223803485
223803556
223803726
223803831
223803883
2681345863
2681345865
2682134056
2682134060
2872334059
2873157332
2873158508
318615817
318616209
3718480452
40221721
5187088383
5187088529
5187088597
5187088803
5187088935
5187089159
5187687664
5187688318
6865246830
7011359121
7011360169
99211351
99211516
12115424893
167196217
167199979
23059365
2465223599
2629854379
330056915
330088907
330089170
330089856
339911248
3739344801
3739394657
3739398765
3740142670
3740182754
3794894685
3794899663
3794908039
3795729358
3795731758
3795733392
4733413255
4733442349
4733463223
4734076758
4734095730
5091231717
5454973641
5454974895
7305206072
7305207350
7305211204
735587018
8330799519
8331856100
8331856290
8425694581
8438064102
8576981561
8649136026
8690060316
10452143954
2689927019
2690004771
2690160919
11370126356
2686716842
2686717340
487293857
6460233761
10260620564
2698106073
2698116869
2698917906
2698922556
2698926334
2698929624
2892271777
2893099220
2893103858
2893105540
2893109012
3268957790
3582022234
3752495827
3752499729
3753285856
3753299310
3762679143
5134828079
8044742687
8044745515
8044756406
8044757470
9262984273
9265764178
4007551439
1465972308
2516194346
5338890009
5338890213
5338892243
5339502360
135116398
2951841806
4312639443
4313364034
5937150857
5985080896
5998975793
5998981575
5999518796
3292090591
50742712
5350744768
8556154803
8556155103
2676127513
2676127989
2676130413
2676945414
2677780629
2681568311
3293930572
3769106675
5182273900
5214135976
6107977467
7568468096
11367797404
2313806826
2530726828
2906571999
3470954391
3471789724
3770815688
3935226068
40217552
4086059767
4286195785
4286935686
5336657907
6915331919
8717209603
11401032154
1763664011
243220388
3485985187
3676729687
4678489817
4814631825
4815387988
5737751012
5910655870
6754812921
7621492756
9324357215
9545641061
11941861445
2276565433
2972886817
3435522620
3863671864
4574103934
4849535064
5057822901
5073935679
59041371
5951717016
6943840258
7089883505
7294742792
7294754056
7728435700
8384432220
134079894
135403418
135426569
135426732
3207183887
3306554937
3658453284
476510760
476521675
7996639475
12282925203
2177988767
2372116625
2549597842
3600715214
4650156771
4650900590
4760829367
487693101
5642967706
7102027213
8207583119
8372892473
9037431690
9293191212
945313861
12281761964
169893920
176088331
2202466998
2349263684
2367255788
3179502664
3352295829
3940591306
4296701698
4684103230
4707775922
4823143418
5394098311
5866527166
8688480101
9029632712
2492989766
2707217746
2922784790
3162082976
3760872678
3886456298
4276888303
4472279006
4760427447
4804572913
5297649933
5311984887
5312575134
5992432830
9524741891
10659727256
2634252594
3099697004
3230063783
3692589214
3835444284
4633642584
5528464336
5636302173
7193203806
7259493268
8051602822
821433745
8363954277
9254689129
1250315709
1250317555
2131411135
3560383506
3568956904
3710380793
4078431597
5082875009
5083480634
5454773902
5828792027
5829341000
5829341704
5829341838
5829342256
6880109515
6880110653
6880111823
6880113303
6880115327
6880115593
7333984500
8593746731
2115458866
4960727764
6594604575
7116897881
8104369896
8581050367
1695594662
2350206473
2696165073
3030190418
3413128281
4219888157
4263281867
4368005437
480430109
5229638919
5631278977
5758208845
5834682115
608547460
6279987718
7284027740
750690861
11733036173
12394680724
2220312166
3809253607
3899277945
4989336690
5096314743
539953748
5498283136
5670292258
6247666671
7201322828
8004818628
8047225142
8821027922
2213093218
2457746116
2598688979
2598690365
2598705467
2598708251
2598709673
2849497539
2850329510
6739494085
6739503599
7191700558
9279816157
9838956473
11865559784
1428401613
1429277500
2825137258
3019555725
3298517012
3629357957
3944416479
4012850149
5134037025
5819441165
70503523
7545563574
7748953176
9364829033
1812346810
1954858007
2392005615
2778870073
3310629850
3400936956
3435154794
4745842759
5096878246
5554649466
5618324404
6274412785
6274415699
6274417245
6891540298
11751269183
1193619034
2313913101
2314720094
2523921999
3312398493
4105862127
4106629912
5236075993
5236089799
5236658882
5236664668
5236672840
5268900519
5268902791
5268904045
5286223914
5497366735
9339917084
3397462655
3985102209
4791704809
4846887335
4847508088
6479967277
6700321899
7423550510
7669795154
8755441444
9205890218
1642761792
1693646001
1720254795
307605480
3172459435
3567829989
3568564146
5898170771
6393470559
7225611702
7297957460
7572877164
7796627154
7977555967
903781782
9844520683
9844532643
3657298870
3833981290
3885632236
3885640148
4928693106
5128340310
72858342
7640028660
8560157573
8838747427
9554979731
####
Cluster 11
2198569082
2874444931
40221687
3795731986
3795732278
5454976139
5455586790
5455589204
5455589672
5455601708
735596824
10452204986
1427389680
2412391894
2412475388
2620013013
2706917288
290360091
4027657471
4107891155
4108663816
4771817295
5290298993
5962374839
6828724543
7931021112
8297435663
9423406178
12497234034
1593637477
218443475
2685896883
2899117016
3093561204
336294636
3770432440
4004310229
4531677203
487262792
5782598719
5959959399
5959997499
5960536480
5960555688
9847052326
12184632665
2486869688
2881963256
4194763014
5052652092
5377709513
6254348733
6912342821
8044746271
8044757074
8524266698
9172660148
9337830887
11516327404
3274973614
4026698104
416554563
4166936124
4168833746
4264129420
4479258406
4775701170
5038775500
5052137906
5111088090
5456522918
6908256296
8020643417
8395143153
8999736643
10719988883
10892462583
2262897838
3298274891
3433126764
347112227
3821655525
4268086067
4439344778
501723368
5270756929
5502378543
5542405595
7079069595
7381927534
8302546500
8514771198
10125352554
1894854074
31758569
4090707851
471139781
4764574819
5419267708
5928065296
6151108479
6179114396
6983364903
8045928630
10045579766
135114980
2184089934
2981859930
3632560595
4251521178
4317497880
457715096
4898405013
5041772573
5176522936
5251535776
5950736297
8492106849
8877217453
9067745863
10428180233
10686864713
11494570706
2432861631
2829538232
2976220
3259863724
3292953130
3299261746
3770747503
4458397675
50729167
5350124151
5715459675
6045506808
6494691793
6624627301
8557266302
1464161634
2310970540
298346556
3825197145
38387743
3980160281
4049645329
4646931035
5091310402
52052845
5500624097
5952562236
7181455723
7568503350
10482519424
11367807584
2313807296
2530728110
2906577391
3470957417
3471791988
3770824426
3935233154
40217553
4225595785
477345920
4805378823_1
5336667665
6915332073
8717209869
11401054334
1763665829
243220569
3485999357
3676824993
4678489825
4814634085
4815390600
5737752190
6754851079
8266176663
84441115
9324361619
9548413276
11932875205
2559567578
2972887303
3435563002
3863676858
4574104082
4889822800
5062939109
5632512890
59041393
5951719600
6943850480
7294646882
7294698590
9690523632
10195735684
135045267
135403487
135422503
2891736861
3193686949
3207215247
3306557491
4288646080
476511044
5301009992
11217134334
1429326778
2177993607
2549540656
3126115510
4635292975
4650183745
4650903186
4761460388
5109414335
6092892474
7978948686
8207583449
8372895075
9040624435
9293203524
9792757385
12281863776
169893971
176088507
2202467548
2349265024
2367257762
3179505860
3352301331
3952870058
4318799700
4684246156
4707775924
4854719231
5394107561
5866528554
8688489893
9029637884
2598262689
2707220528
2922795314
3162088564
3761037494
4016771837
4016940987
4472299636
4760666686
4881426131
4882035660
5659996309
7191423430
8933604453
9524802541
10659731604
2634254018
3099698932
3230912700
3692592608
3835450838
5327198969
5528465620
5636314461
7193223824
7259497062
8189227549
822304520
8363954689
9254692473
2610057761
2733066880
288817407
3567985611
3639016808
3710382699
4078725092
5082878325
5399044198
5551031994
5828792309
7159572863
820978460
8523324553
2115443566
3198731514
3294891998
3415804167
3456993895
348579538
3780593482
453106913
4711345533
4960118699
5417372727
6970820032
8027049091
8104370020
872980326
1695595226
222149556
222153970
3030190566
3413130103
4220570964
4263282755
4348311155
480431997
5229639031
5631279319
5758306215
5834698207
608551732
6492323329
7284029260
8452020262
11733052316
12394687285
2220312598
3809258995
3899278965
4989342490
5096315913
539957148
5498285846
5670294902
6247672919
7201326520
8004818726
8047226158
8821028134
2423863366
2479686758
3118035379
4257660395
4501150865
5100226496
627269522
7189767826
7708308116
8155210366
8558989306
8768527097
9282545690
9838958763
2729652741
2780638617
3297722685
3687294985
3688101934
3775516933
3779301158
3944418229
4012850819
5134039337
5819441759
70503564
7748952300
9364960351
112244448
1812347970
1954858039
2392006703
2778877037
3317132243
3400937564
4598244365
4746343456
5096878634
5554649508
5801467175
6274411655
6274414743
7037637371
8263968081
8263975989
2524762934
2616426152
2920018703
3184871233
3312411015
3312442081
5057320116
5269515926
5497969214
6868533838
6916944785
7473797700
8220420502
9857556716
10753757385
138909924
2483590658
2998910511
3397457265
3985111577
4791735809
4846888849
5138271265
6479983763
6700323211
6705163319
7669799210
8755451638
9205890648
308612973
3388813619
347453072
4402903800
4881498167
4882108290
5965409469
6182610457
6393471141
7225647014
7304463394
7572911352
902931145
9844286406
11497521
2461840172
2758297648
3658465587
3834138296
4927444255
5129765888
5711873736
6691760003
72859222
7640036968
8560166315
8839266480
9555237605
####
Cluster 12
1675682410
1832529568
1832533352
2198567778
2198568402
282314017
2872339127
318612384
417537329
4519592575
4569995457
5464344376
5862117267
5871990869
5872538040
5872554998
5900625846
6853242318
7228788406
7228796052
9333818080
99211296
11437345055
11467896214
2509627375
2629828405
2629831173
2630646886
27483765
27483771
27483779
27483907
27483924
27483952
2781049523
3102751358
3774457925
3774468529
3774484665
3775286010
3795731120
3940916652
4733513733
5455578324
5455585368
5455588046
5542846707
5542853195
5542871699
5542884563
5542895477
5543421034
5543423000
5543455392
5543471390
5543485176
5989440911
5989441049
5989441205
6031023157
6031023315
6031023591
6031579036
6031579308
6031579662
6864742632
6896204402
7042267503
7042311519
7536840750
8263232359
8617964931
8617967439
8619071672
8619074856
11702694703
2412555618
2530906855
2530908841
2531086231
2531087583
2531726228
2531902786
290347029
290349674
290352449
290352615
7931060050
11345647513
12497387424
2686727136
336303595
3829736243
3829736657
487289789
487290291
487290807
487291389
487291995
5960517010
5960540752
7468187606
7468192418
7770574244
9847056966
10796304015
3866452021
3867235566
3867236296
8044744331
8044758376
8137623674
8140793741
8140825048
8140825662
8665837480
9567286211
9568121914
3944720925
4015978473
4016650654
4132502983
4132507059
4168830976
4806014250
5258788846
8020721629
8020727307
1039576012
108586683
1306850114
1306855842
1486670103
2357090456
2497966897
2579660742
2579660906
2830587346
2830589086
4619787693
4619788825
471159613
471159765
471159885
4734227438
4734231842
4778522253
4797549346
4952940070
4981209783
5250031697
5338891113
5338891415
5338891677
5338892397
6178568413
6193265393
6193266919
135116270
2064729309
2065524674
2950994233
3472330055
4309475372
4316702171
2433675624
2829538812
2829539120
3285844504
3769134635
4647546830
52051413
52051466
52051593
6300251471
285683956
285685885
285686822
285688613
2907419942
2907425156
3769944403
3769947373
3844066618
4806014250_1
1079760961
296734025
299115791
299115796
299118588
3677644214
3677655026
3677655946
421994311
5910544912
5910548240
5910640882
7621478192
7621482824
7621485256
84458398
84458462
84458500
84458531
84458576
9327118380
948517193
9545488523
9545507983
2276558761
3862854863
4849519998
5020368815
5058427508
5062923419
5636630061
5636647233
6975240107
7076937419
7091178095
7091526959
7294651912
7294655744
7294661128
7294672286
7294702600
7294703912
7755466318
7767233782
7783922020
8384431086
135403458
2338258706
3207098091
476522037
476522149
476877830
6886324094
6886325032
7032421177
7032421503
2078747989
2178785292
2372101423
4500879888
4500883066
487608986
487613500
487637593
9792813893
4062572949
4063319588
4063319920
4854742011
2598289307
2967980386
3885721603
8325469161
8325469703
8325470011
8325470805
8325471785
8326526524
8326526816
8326527310
8326527544
289510364
3240111380
5229197365
5229202579
5229209697
5229235771
5229240089
5229795872
5327200249
5327200789
5327804248
5327804408
5327806080
5327806532
5327807172
5327807604
5527847393
5625154361
5625749044
7259465822
7259466352
8051584689
8365025528
2745262194
3568400411
3570535404
3570653642
4074848725
4075754559
4075754675
4075754797
4075755249
5618076977
6532214869
4711986072
4960712700
4960717696
7116896455
7116897287
856091671
8581050913
8581051105
8581051207
4348309547
5229639139
5230231632
5758321267
5834725609
608555652
6492324927
7284034050
10497546425
10497803483
10498197763
11820122953
2219517409
2454740579
3899277059
3899277679
539961584
5498286750
5670296210
6158689283
6159142818
6159297676
7201349046
7201351082
7201353582
7201355302
3118036539
4258414762
4501152483
5100230736
627277774
6739487013
7708308322
8155220516
8653272913
8768539223
9282550652
9838965013
11285322
11285515
11285738
11285844
11285923
11285970
11865430733
11865564934
1428403377
1428412035
1429280642
1429287934
1429288190
2419784
2419794
2419799
2730473700
3298533854
3629356261
3629359103
3629413075
3630189388
3630191670
3630193866
3688101398
3732922440
4438251523
4438252285
5820001854
5820002718
5820004252
5820006372
7748949834
1955829430
1956115780
3435151964
4746470290
6274420141
8263965931
3313056116
6868578544
7014610535
7473817902
8220421212
9857652416
10753820836
1850401943
1850833667
1850838881
1851342008
1851515838
1851537978
1851554226
1851633042
1880070931
3213771883
5138864974
5138869458
5138871416
5138871926
6705167201
8754279689
8991997243
1698067249
1698917908
1709429962
1712659557
3172446287
3388816651
3388816703
3388816935
3388817009
4424352348
5652456005
5652457927
5652463155
5898733584
6183112194
6183154066
6669385265
6669386079
6669386945
6669387549
6669388585
6669389539
7225658834
7225660196
7796624328
7796629998
7977595050
7977649149
11497515
2381941393
2381941563
2382774574
486453704
486455928
486456458
486482979
486483191
486485057
486486203
486486289
486486707
486486771
486486823
486487119
486487191
486487275
486487809
5128347276
6691855355
72973491
####
Cluster 13
1674808621
1674819681
1675682028
1675789874
1832544374
2058917961
2059702220
2059702588
223803687
223803781
2526804633
2607614226
2681336999
2681337025
2681345861
2682134054
278546113
278547706
278548028
278548241
278548346
2872336521
2873164682
3082007635
318612843
3379263383
3379490419
3839702658
398654456
408681016
4140494070
424211156
4555645157
4649244270
513594929
5164486340
5172184052
5187688576
5193321637
5250705062
5256492464
5262805006
5269720571
5446933791
5777298390
5777309412
6865245266
96841974
99211416
99211619
11232657803
1900855676
2050957256
24333450
2453298861
2510454848
2630639272
2630673146
2744360882
2744360888
2924458921
330062705
330084330
330096935
3775281856
3794900025
3794909783
4054063642
4310790763
4733448733
5538907257
5543467632
5543481032
6031023979
6031024591
6031024805
6031580490
6031580638
6582496711
6896145452
6896175006
7042298535
7042303071
7042306417
8228426468
8228431368
8330800385
8330831681
8331858266
8649140544
10452119926
10452124654
10452220454
11702490555
11702707043
2620834840
2620835490
2689904793
2690031153
2690111475
2690113223
2690224919
2690953116
2690965424
2706918184
2706918334
2706918472
2706918902
290346269
4685000051
4685004355
4685006987
5962862982
6828774105
6828781685
6828790001
6828798241
6828807053
6828814379
7867357776
7931056058
7931058042
7931061930
7931065948
7931068000
7931074024
7931076060
9420637451
12496887265
1427900367
1594509232
2686728102
2907636079
2907637389
3103007040
3829737429
6460233431
7770570644
7770571480
7770580134
9847064833
10796261776
2698922918
2892273509
2893096760
2893107550
2898659607
8665837604
9262997415
9263050577
9263060779
9263078701
9265752334
9265771882
9265833236
9265835016
9265839208
9265852120
9568122402
11751332805
4025936643
4133264792
4166168979
4230547271
4263380285
4455558382
4536892651
5038155453
5051508521
5110476567
5456049799
6099517676
6997717861
8020737489
8396209438
10719728165
10892161045
2261571481
3145634372
3299088304
3443811134
3821450103
4268081991
4438567645
4441652196
501748490
5270773357
5502970794
6932954160
7381767396
8301492165
8513656303
9504098657
1516342106
31921946
3725184123
46428204
4764566295
5339504474
5658458626
6084535020
6178572983
8045916257
10045759763
10045795353
10045809175
2183279459
4476080461
4476080501
4476855112
4476855160
4476855212
461602133
4919012315
5175915255
5250933407
5937151975
8493294360
8493296918
8877804938
10041290516
10686637655
11429070336
1807288870
2433679204
2829539204
3259031037
3292095023
3298434111
3530782343
3770828505
4459176836
50742725
5379788598
5715994160
6045528844
6624553847
8556155157
121465108
2155423363
3393443276
3769922282
3825228367
38396135
3980924038
4184448882
52051542
52051662
5214152568
7568463658
7568471004
7568474482
10523798314
11367687715
2313001011
2529883965
285689135
2907432762
3470984953
3769974753
3844070684
3944725421
40220522
477042293
477372419
5207618276
5337331686
6925748265
1079804377
11401098864
1764485396
3485941445
3486788246
4678405209
4678737084
4815262450
5734661194
6754820905
820567200
8267361298
84469870
9548126836
11932887235
2277353078
2971710476
3434622443
3862857911
4573469955
4889200657
5062925891
5636685913
59041129
5951661240
6829098254
7783926064
8384439112
8482554825
9690531662
135039604
2298245598
2682967547
2683793930
3193674717
3207111289
3207964026
4287906447
447248378
5300406547
10263149134
1428452253
2129443949
2492112736
2982903439
4514773719
4635896462
4650294043
4760826277
487638965
534636361
7354538864
7979807123
8208674316
8997877055
9159992325
945319185
9793508173
12289151284
176087321
2166655500
2219711553
2366427623
3171621504
3239783180
3410058939
4288613239
4683693853
4707179953
4822523565
4854744441
5394740646
5866561430
9027337533
199555622
2598292317
2921941125
3161250951
3760144251
3886492202
4017587530
4277653600
4477035103
4804578309
5199667171
5319095358
5992433646
8326527826
8933608989
9535975141
10660075083
296032600
3200086243
3691759055
3834636971
5229818206
5527856931
5625768712
5637179330
7259466586
8051588620
8190316616
8265457585
8365026356
2131411401
2616583918
2763075841
2961657847
3638198319
3668229904
4075755389
5011625981
5398393015
5550440633
5618082961
6880116585
7344309498
185127297
2114666021
301664031
3294078901
339508292
3416580046
3457811362
3779333933
4451586904
453107383
4711995478
5143875473
5569326822
8027014495
8104349367
8582151364
1672513173
222166701
2696886400
2696970268
3030571284
4216523515
4262437830
4348323249
480418362
5170042850
5230231770
5631863144
5758916622
5835284644
6279465607
6492353629
7284053334
10498353623
11820125643
2219518847
2850161554
3900060466
4721555530
4989359664
5096961666
5440914078
5669720195
6246445413
6248193324
7756471602
8047217441
8810437275
2214646871
2477062839
2903470430
6739491561
6739502517
7692504868
11865124785
11865565484
11865972686
11865978476
1428403727
1428404497
2730470544
3298560930
3317345326
3629408961
3630226176
3732072735
3732075215
3732923754
3778484761
3779860105
4012848937
4439026700
5134623144
70503220
7748955696
9364836621
112243572
1811502245
1944634552
1956115826
2392830330
3309785881
3393035860
3435368358
4598846818
5096278947
5554064741
5605009338
6274423779
680202635
6891542100
8263978315
9620901280
5236087833
5236687054
5286222758
5286223212
6077451511
6077850234
6077891352
6077910084
6078127064
7255517110
9337149377
2999751672
3039742328
3118939717
3168952218
3213610937
3215991839
3249151290
3397465641
4792311308
4792323134
4847512108
4847512208
5884122323
6491463861
6705245497
7669667584
8754295435
8993176772
307617931
3172496917
3388817135
3568580402
4424354946
5652465827
5898734700
5965598007
6393466521
6669391935
7225660840
7572879188
7985003756
903781838
12542204
2973783529
2973786433
2987909677
3672150750
5118492449
5128353898
5131462330
5987189528
6691919207
72974619
7698257
8561275970
8839339706
9557820464
####
Cluster 14
3070534991
3379489423
3379491345
5773527861
5776754665
5776755867
96842062
2188644187
2453301127
330074636
330079508
3739365059
518891917
5563453005
5566463504
11702609283
2620834398
2691021202
4027659893
4107894189
4685636170
4771817899
4772453986
4772454398
6828732537
7931025204
8298394302
9423407180
12496565503
1593638721
218443542
2685906651
2899133600
3093564182
336296758
3830534494
3853243966
4531681633
487263368
5782604289
6460226643
7468162164
8116493817
9847011926
10795242033
12358019743
2697956755
2892254997
4120529315
5134725079
5377709663
6254390703
6917829585
8044750559
8432860618
8664737149
9175139134
9263073009
9265776726
3274973852
4043632820
416554672
4166938142
4230615377
4264133268
4479258876
4805371335
5038776168
5052147982
5111101594
5456565168
6908256748
8020643802
8396184702
8999745213
10720025863
10892463543
3144805879
3298285443
3433128840
3443004797
3821656975
4268825250
4440874351
4441651944
5270758023
5502380097
5542406583
5542981212
6931847832
6932951300
8301490949
103560488
19323760
2356265081
2357095710
471140386
4764577121
54427339
5928070030
6151108623
6151656284
6193771892
8045915251
10045606263
10045737995
2064729793
2951846628
3633366466
4308661997
4316743975
4316751509
4316759251
4919012305
5098166243
509940004
509940010
512080165
8877218909
9067746215
10041267194
10686868393
11494572763
1806459121
2433675744
2976227
3259867328
3293118354
3299261820
3770755143
4458397751
50729190
5350124993
5715461357
6045508512
6494694223
6624630103
8557266548
1464170518
2310975000
3580294479
3769149129
38388916
3980162135
4049645675
4050391020
5153729673
5213539481
5500625391
596702046
7315677238
7568507416
10482728394
10536426625
10559720545
11367666426
2312991971
2831732456
3471793832
3770988666
3944417741
40217554
4225600815
4286929742
4805997452_1
5336691683
6915332205
8717210207
932902011
11401095044
243220980
3486001485
3676830461
3677642648
4814750197
4824801346
5909022967
6754855347
819723003
84441153
9324366369
11848435566
12181469424
2559568764
2973556560
3435593588
4573468447
4848907167
4889822936
5062939785
5637270246
59041461
6825144990
6945497214
7294736894
7294738066
9690524424
10195754275
134288445
2298251460
2682966081
2682992257
2892449849
2892564608
2893265162
2893270900
476518583
6886314022
6886323848
7032411113
12473411905
2178640974
3127265065
3161449482
3599904015
4650951362
4738035332
5109416237
534510578
7978950805
8207583813
8372898521
9040628097
9293207026
9792763474
12281878306
169894219
176088623
2202470452
2350076995
2367293672
3179508884
3353112066
3952873534
4636247391
4683653489
4707839004
4854719689
5394159515
5866529014
8688502535
9029663810
2598267621
2738576267
2922816914
3162092872
3761151888
4016826847
4276888849
4472413588
4760673700
4881426535
5300824199
5678449421
5991877113
7195587892
9527521558
10659840134
2634254778
289622192
3230912884
3692619372
4633044841
4644064553
4644683392
5636614113
7193299138
7259499424
8189229315
822305240
8363955303
9254695337
2612186959
2733069084
288817416
3568120787
3639023392
3710486377
4078726116
5082879357
5454161895
5551039522
5828792819
7159573297
820984990
8524432176
2115444862
3259411532
3294903108
3416494592
3457809046
348579541
3493370342
4104101152
4104107996
4960123163
5143859477
6970820432
8027050465
8027063770
872985950
1713912928
2351628249
2696206811
3030190682
3030569000
3413929056
3413998658
4386201980
480432781
5170041286
5170041546
5758370319
5834728587
608559516
6492327911
7284038302
10497577256
11733102976
12394691083
2220312874
2602690034
3899278109
3900059440
4720907573
539966422
5511266188
5670296752
6158683895
6158694333
6158816565
6159329428
8810436449
2423864888
2479688606
2599517698
4258414830
4501760852
5100232718
627281860
6739494919
7708308512
8155222822
8653279555
8768541971
9282555290
9282579316
11865978416
2778343217
3297727311
3629372925
3688135078
3775613116
3779302036
3944433203
4013616626
4439026192
5819442989
70503633
7545563186
9364970339
112242501
1812348124
1954858057
2392010919
2779695912
3317145289
3400939280
4598246565
4598842622
5096278783
5554650108
5801467771
6280469142
681223248
6891541568
9617662393
9620898086
2524765658
2771191157
3170652501
3184874163
3312415455
4105862885
5059340137
5269516684
5497974242
6910897237
7014621337
7473823296
8220430998
9857658116
10753851726
1850421881
2483597646
2998911107
3398327000
3985761536
4791749541
4792290086
4792317644
6479985501
6491462245
6491462977
6491463383
8991938569
8993152272
8993156578
1712662249
3567700775
4402907532
4881498543
5898162139
5965483139
6182614679
6393471307
7225648752
7312396094
7572912284
902931161
9844312815
2363349001
2461840310
2974658470
3659262246
3834163666
5119094852
5128352008
5986622005
6691760823
72860398
7640044152
7698254
8839277774
9555642369
####
Cluster 15
5976289312
5989440877
7042236887
7817009124
9533699830
9633861447
10452092804
10452380743
10658246995
10660691633
11703017533
1426492965
1427394838
2412397896
2533334430
2620013573
2706917478
290360470
4028372658
4107895469
4685002837
4772076337
5290299717
5962378219
6828739337
7931029930
8298434572
9423409782
12497260794
1593640601
2447456907
2685907307
2899148700
3093566474
336298478
3830534876
4005717530
4532153496
487283735
5782612605
6460230437
7468167088
8116513655
9847017654
10795262023
12393141465
2697958859
2892256701
4194782836
5134728523
5377709859
6254393263
6917829763
8248245890
8523163827
8664737183
9175471222
9337831103
11517498204
3274973958
4043635278
416554906
4166940418
4230618661
4264134948
4479259180
4805371907
5038776816
5052148870
5258168883
5456601624
6908257720
8020669765
8396186516
9000924112
10720074313
10892463733
3144821887
3298320531
3433129064
347112290
3822257786
4268827186
4440874449
501727220
5270759359
5502380625
5542406929
7079070719
7381937950
8513647285
9504029461
103561230
1979427420
355399445
415958652
471140587
4764577911
5539659661
5992208941
6151581182
6179135732
7421929486
8045929798
10045632093
135115202
2184100902
2981862012
3710731224
4308678217
4476079117
457718082
4900990689
5041829373
5250931111
5251535876
5950741397
8492110865
8877220281
9069963392
10428221063
10686877993
11494578336
2432861753
2829538310
2976228
3259869418
3293128036
3530529589
3770770479
4458401155
50729239
5350133147
5715948986
6045512648
6494696673
6624633633
9960411914
1469173249
2311441991
2836674932
3769118443
3769128287
3769138653
4050389546
4647533390
5177841029
5213540379
5500626763
6010896677
7321201938
7946872296
10482935065
11367820773
2313814382
2530731872
2906578189
2907428134
3543080943
3786572822
3944424229
40220515
4225603749
477357740
4805998074_1
5336700087
6915332351
8717210517
11401073634
1763671667
243221345
3486757968
3676833557
382180583
382180874
4826103283
5909971151
6754859387
8266180779
84441168
9324370737
11931826675
12181478664
2577256765
2973558128
3435674982
4573468731
4848910083
4889825988
5063541722
5637293550
59041482
6829079146
6971253085
8383349441
8482129940
9690526818
10195795404
135048785
2298252544
2682975079
2892360546
3193688729
3207232931
3306558303
4288647036
476520187
6886314728
11217146714
1429327146
2178005961
2549546418
3160445133
4635293649
4650275407
4702121243
4769080240
5109420685
6955807024
7979783298
8207583991
8372902693
9040630137
9293211842
9792770765
12288746955
169894272
2165733023
2202481442
2366407579
3170777731
3238907655
3353114684
4062567643
4636268953
4684325374
4822517891
4854720307
5394167331
5866538178
8688529819
9029666834
2598275817
275686095
2922822312
3162095060
3877349119
4016836935
4276893583
4277652254
4760680542
4881426911
5301419162
5715363318
7191430992
8933604583
9527576532
10659924666
2634267214
3099718398
3230913292
3834625773
4633045671
5229788340
5528472292
5636639517
7193374718
7259500376
8189230541
822306208
8363957247
9254696263
2615740385
2744424763
288817420
3568140825
3639024980
3711183180
4079189370
5082881231
5454163697
5551054280
5828793781
7167485351
8264801729
185127710
2115446472
2115456508
3294926336
3416526574
3457809436
348579546
378899722
453106963
4711345611
4960126389
5568735605
6970820504
8027052874
8104370382
872988816
222126959
2351815411
2696317926
3030190776
3413132721
4220613318
4264023358
4386207200
5169435857
5229639229
5631279621
5758373707
5834738509
608566846
6492329481
7284040528
10497699144
11733134436
12394755404
2220313474
3809264233
4720890011
4989344008
5096911126
540039267
5592805263
5670297892
6248175984
7201332494
8004818828
8047226598
2212300301
2440618445
2479738318
3118039171
4258415044
4501762660
5100256572
627282812
7191682578
7708308682
8557857521
8653286717
8768546535
9282556000
9838968313
11865559554
2781496564
3297729299
3687299229
3732906892
3777250659
3779303606
3944435023
4013616730
5134058047
5819443289
70503668
7748963746
9367591428
112244851
1812348642
1954858119
2392036795
2779697228
3345798108
3434353579
4598250239
4746349218
5096879628
5554650356
6262100823
6280492506
681301346
8263917479
9617662661
11751275653
2524771260
2771193237
3170653137
3184875263
3312420079
4105863265
5059343337
5285625077
5497980908
6910923603
7014628395
7473828404
8220432002
9857662016
10753856126
1850437547
2483644362
2998912353
3398330080
3985823224
4791772681
4846889025
5138853562
6491457719
6700328527
7423569506
7774626850
8991943745
9205893280
308613046
3388813749
3567762071
4402929890
4881501233
5898163583
5965483149
6182651249
6393471475
7225650442
7316675006
7572913482
902931195
9844318876
2369443775
2757457623
2974660580
3663137760
3834175062
5119096086
5129769964
5986622045
6691761153
72861323
7640050602
8560169897
8839283512
9555654399
####
Cluster 16
282279870
2892908876
5163879207
2524337964
3043871600
5455596748
729287176
10452429093
10658289816
10661400056
11703108464
1426502085
1427400906
2412427350
2533475250
2620832738
2706917798
290360858
4028376822
4107897723
4685637434
4772449560
5290319715
5962382547
6828748431
7931031804
8298482456
9423410798
12496722755
1593676427
2463745419
2685907715
2904231145
3102174199
336299144
3830535032
4005718500
4532265568
487287905
5782615967
6460231807
7468170452
7468196656
9847029186
9847103976
12393320174
2697962213
2892262453
4236720636
5134807563
5377710001
6254874888
6920275879
8044749771
8137624014
8664737215
9250902835
9337931899
11517589704
3274974384
4016740594
416555018
4166941366
4231361586
4264139886
4479259790
4805373157
5038777282
5052152312
5258169647
5456739856
6908261090
8020671050
8396193130
9000932620
10720090073
2261541185
3144840151
3298320869
3436239581
347112521
3822259678
4268828288
4440874523
501731164
5270763611
5502383739
5542407583
7079071331
7381945686
8513649591
9504044899
103568430
1979433292
2142285729
415961769
471141027
4764581227
5559130836
6017338383
6151593886
6193253161
7756539448
8045930304
10045633316
135115317
2184117824
3114732891
3897478187
4308743207
4476079181
457721934
4904458042
5041872853
5250931819
5251536390
5951203404
8492150179
8877221455
9069964412
10445086536
10686882603
1806437297
2432862469
2829538424
2976229
3259898966
3298430031
3530756445
3770779865
4458401195
50729250
5350735036
5715960076
6045517224
6494704507
6624637155
9960426144
11165601563
2312250788
3580295641
3825200937
38389924
3980164081
4050389654
4647533964
5178401138
5213542757
5500628375
6014452870
6336162044
7959540724
10490159076
11367841723
2313824004
272681965
2906583495
3470959207
3551796565
3843274923
3944714517
40220519
4286173391
477363715
4806006054
5336709067
6915332487
8717210833
8718332522
1079772069
243221425
3486762700
3676835261
3677557996
4675290746
4841285059
5909974117
6754863197
7621481014
819681179
9324375591
949554410
9545496881
11932547526
2973732902
3862834515
4573468857
4848917555
4889826160
5063542374
5637317620
59041491
6829082544
6971258817
7076962947
8482131910
9690527760
10195800255
135049429
2298253588
2682978077
2892422259
3193689373
3207253225
3306560227
4288647764
4288652080
6886315482
11217243163
1808089009
2178009779
2549558326
3160486773
4635890000
4650277985
4702122163
487241138
5109561257
6955954692
7979791238
8207584161
8372909199
9042841404
9293215044
9792784116
12288757945
169894508
2165736745
2209780543
2366418145
3170784389
3238935053
3353122928
4062568003
4636860280
4707151533
4822519631
4854723355
5394235281
5866544574
8689601588
9029676120
2598278457
275686244
2922855998
3162100804
3885661491
4016840355
4277633874
4472419172
4760966330
4882028904
4882062728
5199658391
5992433354
8933608283
9529796512
10659941403
2634283010
3200054599
3230913318
3240111388
4633046329
5229217501
5229799922
5636720927
7193384172
8051561876
8190308730
822307824
8363959407
9254697233
2615746347
2744426511
288836087
3568155965
3638189331
3711187764
4092170995
5082884383
5454165339
5551057040
5828793889
7333978098
8271221531
185127750
2115453076
3259427928
3294950812
3416529914
3457810042
348579551
3976561568
453107005
4711347505
4960131103
5568738301
6970820552
8027054454
8104370576
148880487
222135524
2351838951
2696342518
3030190894
3413187501
4220627956
4264025324
480417596
5169437163
5229639759
5631279819
5758375405
5834749503
6279452697
6492330635
7284042448
10497718194
11733289864
12394813545
2299072420
3810062950
4720891855
4989345320
5096911638
540047657
5593396850
6158583485
6159240676
7201337188
8004818924
8222473671
2212302177
2440618667
2479738524
3118040593
4258416242
4501765022
5100271980
627289094
6739485967
7708308862
8557862523
8653288843
8773245552
9282559098
9838973373
2729663827
2781496672
3297734497
3688093680
3732909164
3777252619
3779304642
3944435885
4013618206
5134074777
5819445027
70503722
7748966124
9367698604
112244853
193788469
1955158215
2392820298
2779698826
3392225125
3434356807
4598254147
4746366668
5096883078
5554650428
5604423185
6280493848
681317936
8263920145
9617663181
11751292774
2613272151
2771193533
3170653823
3184878905
3312421765
4106628128
5059954072
5285625445
5497986160
6910930333
7014634471
7473833772
9337128659
9857695785
10753860484
1850556281
2483652182
2998912711
3259219916
3985829810
4791784389
4846890949
5138854992
6491459625
6700331305
7434957772
7774639336
8754282065
9205897206
308613076
3388814039
3567766835
4405329102
4423592469
4423593135
5652464583
5898175457
6393472425
7225651760
7344192480
7782669660
902931209
9844326286
2369443929
2758295412
2974663894
3664958429
3834415962
5119096654
5129781006
5987181708
6691761453
72862115
7698222
8560179673
8839299322
9555665573
####
Cluster 17
1674810741
1674815731
1674817147
1675673802
1675777022
1675787466
1831692999
1831719961
1831925575
1832534872
1832538318
1832539790
1832541240
1832542742
1832755256
2516163434
2517322077
2517353423
2518094240
282288074
282306405
282317537
282324684
282328625
2872337795
3071372614
3100190139
3100190697
3100192297
3101027112
3101030298
3102381947
3102382209
3102382427
3102384681
3103218274
3106388273
3106389173
3106390173
3106390483
3107221768
318612671
318613478
318613804
318614132
318615485
318616691
318616892
318617097
3717669919
3717673599
3718482162
3718483390
3883509580
3892187606
3903127652
3937929027
40221740
40221751
4201106385
455623079
5187687918
5250102031
5269719795
5677129582
5872020703
7228807544
7228828422
7799190456
96837831
96838970
96841629
167199643
24333537
2486927047
2629822093
2629823425
2630630766
2630640404
2674622586
296662143
3042705721
3043544536
3216505410
328997207
36107502
36108839
36111109
3769232449
3770029302
3770033664
3770205488
4581439243
4581440783
461817428
471850273
471882301
471882305
5755073467
5975724871
5976285938
5984534228
6896216106
7814649204
8708327018
9633831591
9637077268
10452246926
10633216604
10660461066
11702730615
11703433606
1427321614
2411563411
2532526207
2620005857
2706097051
290352789
4027628555
4028388706
4685007819
4771812127
5290225123
5290826802
5962915384
7867390202
1594470000
1594488068
2463754369
2463764943
2463774021
2463789333
2736291534
3852429547
3859608467
4002501619
4004481791
4528155676
4622498601
4966794437
6459896823
6460234631
7770583962
9015146173
10452846246
10796422683
2486786508
2877997839
4120530463
4249908221
5135329324
5377711073
6254887206
8247174835
8248260144
8524269108
8665837752
9567267417
4805997452
4805998074
4806004078
4806007504
4806008340
4806011196
4806013012
3443806016
1306844642
1306848216
1434412981
2356259091
2356262181
2357091390
259719624
260611919
2829752767
2830585968
2830586752
286430209
31732960
31735699
31757769
31829745
416352193
416354018
4207511469
4208275282
4386645618
46262143
47167869
4734226554
4765208242
4797516958
4827691370
4899568237
4913332740
5339501822
6083989689
6151656160
6163356947
6193264099
6226110353
6226625324
6226636338
8045916765
8185759807
135116324
2951102363
2951910186
3472449933
3951806833
4317425172
544696551
5655937322
5984516769
5998982367
5998990995
5999524850
5999531210
9069968528
10041229826
2433675946
2433676300
2433676472
2433677360
2676129389
2676130961
2676945944
298035843
298036660
298037362
298037756
3298078412
3581102242
3581102998
3581134014
3581136634
3769113313
3769911112
3769914248
38394496
3980168507
3980922146
4050390500
4647546930
4647554316
4647554416
4647554676
5501223774
5518780743
5683037151
64196584
7959553302
7959555350
2907069437
2907426412
477025836
5910102005
5910538288
8266304841
8266314667
8266333697
8267235708
2277345318
2277346734
2277349260
2277350882
4849524912
4849533980
4849536680
4870860687
4871464946
4871468744
5951178035
5951657494
7091156673
7294699834
7294720358
8384431504
8384434278
8384434722
5300400531
1427731029
2056098764
2178639350
4500281027
4500284439
4500899156
4500925666
4702756294
7102031927
8372943371
176086987
176087209
5394728194
199555553
2967134339
2967134503
2967980588
3161248705
3885728081
3886471948
4016947621
4882036306
4982450323
4982534889
4983055224
4983139760
4983144006
4983147950
5312004291
5991877927
5992430950
5992431508
5992431782
5992432092
5992432566
7195592888
10660062233
289503624
289509603
289611395
289638752
289640683
289642843
296026446
4640696042
5229794430
5625167345
5625187055
5625754642
9257474102
1185018782
158849802
158849998
158850235
158850431
158866424
158866615
2961652711
2961653657
2961654667
2961655365
3568387187
3569202366
3569205874
3570671126
39767184
5083477916
5083478858
5083481624
5547438701
5618071677
5618072605
5618079633
6223862541
6223885703
6224400416
6224403728
88494449
88494643
88494678
88494850
185127889
185127930
185128089
2205033827
2344153281
2344153405
2536030014
2776237149
2777095216
2798598488
3492543897
3492544847
3492549941
3492551277
3493364756
4104103096
4104104324
4104106640
4104110954
4711355871
4960711316
4960722076
5143863609
5143870187
5143871189
5143874031
5143874639
5568803497
5569321452
6970821004
7116897631
7116897741
7116897827
8581050273
8581050477
8581050753
2355333615
2355385499
2356141678
2356247780
2356281548
2356319876
5835243068
6279460063
6279464277
10497788255
10498053933
10498077193
10498114484
10498230185
2181224465
2219515207
2747941419
3899277837
3900059626
3900059744
5440912328
7201347740
7721568510
8047212151
2450162628
2457745660
2477058053
2598486281
2599312272
2599531978
2849497777
2849498069
2849498351
2902582615
2902651005
2902685959
3118872018
369448297
369448727
4498877138
4501770658
626387657
7179795872
7708306180
8155174797
8557881025
8654383558
8773325088
9282584782
2419803
2778909422
3020386076
3687287373
3945219566
5134618198
7748951080
7748954478
7748955224
112243571
193790888
193791308
193791736
193792167
193792888
2392827886
3307350379
3435157084
6262631762
6274407641
6274408823
9620896452
9620896664
9620897724
9620901074
2313910111
2313912667
2314715700
2523908185
2523921613
2523930235
2523932903
2614342944
2771194339
3170658109
3185714822
3313224208
4106630092
5268904525
5497372167
6078152574
6911003027
7473334684
8219342345
9339919890
9857738994
10754059703
2482764143
2908373128
3677693352
3677694004
3985870074
481403224
6705226949
6705243765
9363910295
1642763740
307617800
5652448759
6183151602
7572875576
7782729652
7796609008
7796614794
7796621514
7796638100
7796643528
7969541618
7977532043
11497540
11497543
2374245666
2460989151
2460991973
2460992107
2461003831
3668283098
3884844845
4737784423
5128339170
72960265
72970829
####
Cluster 18
5871984511
5872537752
5872539894
5872576110
5455583132
9633861845
10452102556
10452444083
10658342883
11702190835
11703256956
1426506491
2411547713
2412442476
2533476776
2620833166
2706917898
4027619725
4028380134
4107900033
4685641418
4772452030
5290322539
5962384311
6828756695
7931033728
9420625927
9423415856
12497291294
1593702245
2463748497
2685911327
2904232819
3102901056
336301199
3830535182
4015325236
4528010081
487288433
5783147384
5959992363
5960555206
8343225304
9847031213
10796085566
2485968757
2698097007
2892264371
3752501739
5134809005
5377710363
6254880864
6921238023
8044746707
8523165211
8664737277
9250905871
9546732080
11519325455
3274974494
4103995500
416555138
4168069807
4263243247
4455432619
4498245538
4805378035
5038777548
5110434517
5258170019
5456805866
6908261478
8020705174
8396196432
9004171684
10720112543
2261544521
3145628812
3298324199
3439828449
347112583
3822262796
4268828872
4440874655
501736428
5270765101
5502384777
5542977674
7381707174
8301475659
8513651959
9504063229
103568891
2132545386
355400046
416345703
471158657
4760356683
5559133780
6030248964
6151655626
6193262281
6226118231
8126225799
10045665523
135115501
2811278670
3472230091
3898269458
4308770173
4476079309
457722692
4906971826
5042020745
5250932835
533818818
5951260060
8492166039
8877224307
9069965246
10445375913
11429035764
1806444675
2432862785
2829538628
2976230
3259899290
3298432953
3530758573
3770801661
4459175892
50729266
5350736476
5715966740
6045523048
6494711785
6624639513
9960455216
1043162867
2676126339
3581097520
3825204493
38391649
3980165849
4050389806
4647541768
5178440804
5213559317
5501209432
6040423813
7366679462
7959543024
10490170984
11367884653
2526819633
2783318887
2906589201
3470961005
368382247
3843296395
3944717189
40220520
4286176767
477366829
4806007504_1
5337200320
6915332615
8717211785
11401076336
1763673039
243222439
3486775468
3676845881
421994409
4814762565
5734110465
5910077683
6754866751
8266274967
84444684
9324388571
948633075
948727397
2578089040
3422896185
3862837233
4573468987
4848922425
4889829186
5063550460
59041104
5951112293
6829082886
6971262567
7767231656
7783924186
9690528714
10195808914
135050066
135403471
135403500
2892429779
3194517830
3207950344
3307387676
3311249485
476521457
476878108
11446206564
1861196106
2178021481
2549593192
3160497097
3161360166
4650289561
4702122807
487275790
5109583657
6955958934
7979796403
8208673480
8372916849
9042848062
9293222286
9792785886
12288777555
169894832
2165740695
2209829725
2366421011
3170787943
3238944669
3410022211
4062568401
4640150206
4707151545
4822521655
4854728955
5394651400
5866549144
8689639898
9029686416
2598283515
2789250531
2948847131
337226939
3885662543
3885725243
4277639374
4472422530
4760975624
4882029298
53086536
5991873775
7195561558
8933608673
9535909325
10659964794
2634310020
3200056257
3230913812
3834627447
4633046903
5327199565
5528474866
5636821257
7193398586
8051576761
8190310040
822308166
8363963955
9257465076
2616562156
2745260276
288842723
3568159209
3639071774
3754586709
4495148807
5082887495
5454241513
5551058100
5829340030
7333979730
8338123973
8524417128
2115455536
3294062015
3295824960
3416539692
3457810590
348591239
3492552853
453107137
4711347835
4960131477
5568743023
6970820724
8027062614
8104370768
148880501
222138785
2355224669
2696594148
3030568636
3413194079
4220640906
4264031314
480417906
5169439747
5230230282
5631281679
5758796664
5835177370
6279453305
6492331921
7284044240
10497728943
11733493356
12394879335
2454740571
3810082026
4720894817
4989346500
5096911950
540057601
5593397926
6158593295
6248176432
7201338836
8016523691
8223561412
2212304635
2441447770
2479739062
3118047559
4258416596
4501766904
5100277306
627293626
7191685656
7708309292
8557871431
8653297845
8773280344
9282566668
11285208
2730271392
2824302459
3297737361
3688095294
3732911332
3778052138
3779308462
3944438441
4438249053
5134077951
5820000028
7545556044
7748966996
9367735494
1799241762
193788811
1955158259
2392821786
2779701876
3392228585
3434358453
4598255209
4746393844
5096883348
5601664567
6262107581
6280499600
681321254
8263922931
9617663457
11751433254
2613284933
2771193635
3170655067
3184881083
3312424155
4106628270
5059955700
5285625683
6077356765
6910962599
7014650069
7473839724
9337129011
9857700925
10753880654
1850703607
251982623
2999749448
3398354030
3985836358
4791792711
4846891119
5138857954
6491460601
6700332213
7434976748
7774768304
8991950803
9205897640
308613113
3388815995
3567790093
4405330628
4881502983
5898164801
5965483157
6183093216
6393476483
7225653660
7410386728
7782672838
902931237
9844371685
9844486793
2758295922
2974669464
3664958553
3834419104
5127732901
5129784432
5987181786
6691761803
72863296
7698231
8560183049
8839312532
9556030917
####
Cluster 19
1288780397
3892794411
3893583794
4818781521
5163881339
5872537194
2616792186
3173783162
3769378067
3769384363
3774492333
8643344470
9637070394
2412473818
2620004935
2620834132
2620836962
4027625475
4028383788
4108653560
4685642932
4772452248
5290826488
5962387175
6828766357
7931053644
9420634137
9423422278
12497320934
1594456014
2463752189
2685913455
2905077484
3103006230
336301787
3830535342
4527531321
4532292088
487289139
5783150300
6420941253
7468174436
8354857679
9847044334
10796199376
2486048401
2698098633
2877997361
4240212610
5134812499
5377710683
5377710877
7906709924
8248251720
8523169277
8664737311
9262980689
9567241713
11545827426
3274974810
4103999082
416555267
4168070695
4168835572
4230506943
4536884757
4805378823
5038779088
5110456339
5258171321
5258179399
5258787944
8020708961
8396200090
9004173270
10892160195
2261563121
3145630170
3298324867
3442998223
347112658
3822497356
4438562165
4438566193
501744912
5270767869
5502387039
5542980138
7381729876
8301476551
8301489829
9504069775
103569212
103573052
2356261145
2357092050
2357094424
31802307
4305845840
4765206950
4796921059
6178567211
8040025822
8156420212
10045665564
135115675
2835779103
2951064223
3908173658
4308895697
4476079389
461593568
461600955
5042415222
5250933271
542075748
5951264886
8492167659
8877228503
9069966916
10686632825
11429040214
1806449883
2433675496
2433677046
2976232
3292055233
3298433135
3530767989
3770817415
4459176664
50742683
5350737652
5715982488
6045526832
6494713897
8556154591
1043162809
1535297933
2676126953
3581099408
3825211711
38392491
3980167079
4050389952
4647546444
5178456328
5214132904
5501212372
6099601258
7366682518
7423393338
10523789076
2312989469
2526821247
2527635810
2907068295
3470967057
368382456
3843301371
3843319247
3843321335
4286177739
448441805
4806011196_1
5337290332
6915332765
8717212077
8718333100
933771314
1079785271
3486785310
3677554550
4672308602
4815249870
5734111885
5910079335
5910651282
5910658174
7621487114
9324393411
9327129776
949386486
949428072
949499384
949531782
9545539175
9545558487
2970868951
3434464711
59041114
5951146197
6829085108
6971269095
8383350775
8482134144
8482141718
8482553941
135051329
135052383
2682980481
2892440427
2892572570
3194524660
3198054864
3307388490
3307389598
3307390686
3307391252
3307391506
3309899746
447185224
3160589431
3161412996
3579356292
4500261541
487334435
5109590703
5110169706
7979801351
8208673982
8372935057
9042919527
9045137136
9792811116
12288788105
169894963
2165746891
2213925341
2366425799
3171611896
3239776630
3410032345
4062568869
4683477697
4707151551
4822522725
4854733283
5394682068
5866554618
8693891765
1617315903
1618211638
2790093210
2948863377
350308932
3885665281
4016937777
4277641766
4472434082
4761096114
4882030814
5311984129
5991876581
7195577516
8933608827
9535935853
10659977343
2634312712
296027404
3237255951
3834628843
4633186615
5229208717
5528479218
5636855594
7193427054
8051576810
8190310540
822309520
8365014268
9257467100
1345399308
2745260940
288842732
3568382785
3639085712
3755384142
5009408424
5082888891
5398391453
5551059284
5829340236
7333982016
8385232509
185127832
2115456364
2535213665
339503934
3416544132
3457810994
3492543387
4103350797
453107235
4711348349
4960710650
5568753869
6970820956
8027063033
8104370914
1670874363
222144998
2355273611
2696652964
3030568772
3413711928
4221266668
4264051686
480418206
5169442285
5230231168
5631861250
5758858754
5835185078
6279458089
6492335561
7284046260
10497743996
11733591956
12394892604
2181224473
3810086228
4720899343
4989347570
5096912250
540082147
5593399034
6158664041
6158828361
7201340360
8016526044
8284227035
2213092852
2441448298
2479739604
3118869290
4258417618
4501768222
5159842047
5160401002
7191690694
7708309574
8557876311
8653300067
8773283324
9282567320
11285271
11285634
2825137090
3298515160
3688100320
3732915768
3778482949
3779309242
3945201862
4438250977
4438253273
5820001188
5820005710
5820007838
9367758822
1799274620
193789218
1955829324
2392826064
2779716348
2779738426
3434361581
4598256659
4746416920
5554064683
5602248226
6262627314
6280505010
6891536334
8263939731
9617664129
11751437724
2313902629
2313906127
3170657309
3184882031
3312428867
4106628746
5059957124
5285625961
5285626787
6910993947
7014702437
7822341174
9337139389
9337152291
10754056253
1850748831
2482756687
2999750116
3038902071
3213272217
4791843529
4846891629
5138861770
6491461031
6700332883
7441611662
8525061998
8991955645
8991972315
8991977797
8993169230
1698065985
4423585993
4882069104
4882108722
5965597991
6183102058
6393480825
7225654296
7511109552
7782676008
902952215
9844384015
2373407571
2758296162
2987908535
3667053844
3837849261
4927451803
5131462222
5987181850
6691770763
72864032
7698242
8560183303
8839321734
9557333658
####
Cluster 20
1831927179
2517318209
2682134070
2682134074
3337175001
99211695
99211827
99211868
99211987
2925208666
318465876
3769392241
3769396501
3769398061
3769399435
3769402409
3769414581
3770210866
3770217950
5975725783
5975733919
5976290086
8330799711
8452074061
8642245515
8642245897
8642247809
8643347864
9637076308
2411552913
2412488564
2690015153
2690208605
290351948
4685000423
2718956990
2735188949
4527723097
4528010413
4888932586
6420090365
7468178994
7770578464
9847050854
10796239426
2486051251
2486785846
2486786062
2486786290
3762699767
3763486668
3763489428
7906710108
8248255352
8523171501
8664737393
8665837568
8665837730
11548229355
3274974928
4132501207
4166167575
4168074305
4263379025
4455433635
4536885673
4805386049
5051506583
5110465307
5258178285
5456826924
6908262278
8020714043
8396201460
9004176518
10892160725
2261567355
3145632876
3298325581
3443002977
347112853
4268081161
4438562389
4440878827
501746749
5270770709
5502387977
5542980470
5542986770
8301483193
8513655611
9504072991
103569702
103572526
103573258
103573701
103574232
2356257081
2356263285
2357088640
2829748335
2829751953
2829754583
2830583346
31737040
31800148
36031964
416345707
416345720
416352187
416352197
416352200
416352209
416352213
4196545078
4764582109
4765202794
4765206352
5024973996
6151655764
6178565409
6226116211
288051306
2951061755
3951789739
4316681859
4316736733
4316746457
461597998
4909428001
509939988
509939994
512080155
512080161
5984516153
8492197487
8492309101
9069976672
1635527310
2058811887
2676129841
298036269
3581135722
3764980292
3980170413
4050390666
4050390886
5214135368
5501213672
6105742094
7366683922
7423391816
7959545774
7959548330
7959550662
2783321037
2830862791
3470983121
3769934649
3843307163
3944717785
40220521
4286182811
477367927
4806012538_1
5337297744
6915332873
8718320116
11401079976
1764482158
243222498
243223344
243223453
417793156
4815260460
5734659764
5910084259
6754878301
8266301691
8266337299
9327110356
11932030623
2276555071
2970861385
3422943551
3862839903
4573469157
4849516402
4889904338
5073934301
5636669503
5951168411
6829090674
6975223343
8383350983
8482135312
9690530576
10195811276
135051639
1491109264
2682981755
2892442683
3194520304
3197206887
3198048964
3198050740
476521563
6886316262
11446356953
1427731797
1427733463
1427736291
3160663901
3600714270
4500230381
4500254889
4500886454
4500892932
4500909144
4500912784
4635892626
5110026998
8374013216
9293227686
945294245
945298663
176086917
2165879901
2166638306
2166654104
2213953177
3239779492
3410044181
4062569249
4683478763
4707151559
4822523027
4854740737
5394720638
5866559996
8695014192
1618199054
2598287827
2921930457
2949717004
3759169099
3885697421
4016939245
4277650218
4472532454
4761104584
4882031282
4882031876
5991876885
5991877349
7195597596
9535948987
10660045233
2634315496
3200072527
3238096212
3834632603
4633641116
5229813036
5625149301
5636868648
7193434624
8051583006
8190315990
822313004
8365018368
9257470460
1148678179
1185030120
1251192664
158867236
3568962714
3767041448
5009412652
5083471958
5454244535
5615968016
5829340624
6223889433
8415498417
88493630
88493754
88493811
88493858
88494209
88494321
88494711
88494800
185127156
185128133
2305645837
2306455338
2775772349
2776625212
3492547439
3493365324
3493366538
3493368992
4450560163
4711355963
5568769795
5568778045
7116896577
8581050831
5169442859
5169443129
5170038692
5170039958
5170040376
5758872516
6492339963
7284051378
10497766153
11820120073
12394929383
2454740575
3899276739
4720906067
4989357362
5096913262
5440309453
5440913032
6158674487
6248177408
7201346064
8047179310
8639532518
8810436711
2441448480
2450161544
2599306614
2599308690
2599310734
2599500042
2599504754
2849497641
2849497989
2849498245
2849498731
2850330306
2850330452
2850330508
2902584245
2902585749
3118870690
3118873464
369446910
369447268
6739484063
6739484983
6739488965
6739489903
6739501411
7191769184
8155015011
8155173557
8653303931
8653306711
8654373732
2419777
3687286761
3779858283
9364823227
2779740694
3308185446
3308441962
5604422261
6262628206
6280510878
6891537864
8263945135
8263963365
11751467524
2313903839
2313904509
2313905107
2313909335
2314716412
2614110022
2614112752
2771193867
4106628892
4106629618
7240599800
8219336145
9337146253
9857704455
10754058903
1850761519
2886513934
2999750460
3019561247
3676878611
3677692912
4846893179
5138862812
6491461471
6700333445
7657020532
8754279197
8991961713
8993141420
309043880
3388816457
3567803219
4423591761
4882105602
5898168125
5965598001
6183109810
6669384621
7225656268
7532909136
7782712882
7796611978
9844395755
9844427733
12542194
2987909153
3667476935
3838683828
4737782855
4738416450
4738421388
6691852653
72865178
7698246
8561274812
8839336296
9557411120
####
