Label sculpture
4017014699
4815295122
299114458
6669397377
948633075
5898734700
3779303606
3630226176
278546373
5251533966
7284051378
2620833166
5134812499
1693648021
8372892473
627269522
3676723431
3676857188
4815297254
6247672919
5394801336
2898308633
6624627301
12181469424
4814750197
6754825559
11367666426
4814762565
8717209265
518891917
4815285674
11931826675
5715461357
5834725609
8991961713
11446356953
336301787
3825983374
5176518500
3770779865
4772452030
476878108
7381937950
84441115
3274154165
7783924186
9545496881
2729466735
3311249485
1043162867
1080650308
3161360166
9690527760
135403471
2892570408
4217306090
4230586007
2982903155
2177984271
7077928479
5199670961
9035190459
11400980065
7545558012
1427823233
3297737361
9548145406
2972872955
11494188455
7698280
5992433646
10892462583
11429170003
121465108
11494181795
4230547271
70503355
169893105
5737202051
222135524
10686694456
5250931819
4650302883
11367760666
447212881
4013616730
3809245299
12358019743
6754838873
4815293126
3778052138
2349257988
9506880930
5176521224
3292081585
3945505712
3292953130
50494601
1694496320
2976227
5773417047
10892303784
10686632825
5175914251
3194517830
1464170518
5715966740
308613113
2976228
9327125986
3779294788
308207507
3380078874
3160486773
4889904338
4287906447
501727220
5801467771
627289094
5135399058
2058915725
9506849530
2356257745
481407628
5987191848
6880123541
5542977674
2526819633
4258419896
6279910199
6908261478
11217243163
3826010074
4815287512
2891727603
447166620
243219574
169892598
2313907005
4823138672
5052152312
10523789076
1956115826
6494704507
7284053334
2981862012
4791704809
5783161424
2682990547
4814629597
382180684
4760826277
7079069595
6624637155
10559720545
5169442285
2199742801
72858342
3844070684
4460285544
3292095023
3292905084
5270765101
6158683895
4547995996
819729391
3230063783
1807296328
539919028
10428014596
4528643488
5631281679
7754466100
3821454899
5271368462
5910089397
1764528664
2682973699
88494956
2313814382
3082007427
2835779103
5110026998
4476856946
5542983848
4287911247
5134714892
822306208
1428410597
347453072
5096314743
5187089053
6955954692
135403500
5500628375
4016937777
441445128
5737198833
3530529589
4528010081
5737749272
5898175457
8933608989
7621476628
8839350484
10045579766
4531681633
3298324199
5872537194
4107900033
4286177739
1516349522
7767231656
4989346500
5455583132
3687288073
540039267
2829538424
4707179953
4133265684
2951861710
512080179
5960555206
3629372925
4822521655
70503411
10686650375
4349064496
3030569000
3804449389
8821027118
2951859592
7381878620
3833981290
5737752190
5734111885
3299114366
11516298045
3531584126
2587362435
347111759
6908254000
5170044446
2355273611
2348426989
3118586039
4814631825
4043632820
5898178647
7079071331
2355546106
3299261820
8492178225
6226118231
9844486793
4287908119
1185024608
8821026606
5782612605
59041482
6829116522
4263988782
11401032154
3162082976
4536884757
2892908876
3862885131
6247664891
4678405185
4349116310
4711345533
477357740
2518138434
3442998223
4230590429
7037630201
2852785492
2490343911
4476856270
336290206
4441652298
5737200773
9844286406
5962845226
5866549144
446170751
11865978146
6045506808
4438566597
2630671840
7846944456
7545558754
447253591
1806451331
7333982016
5454161895
544700743
2457745846
10686677944
5096313333
4598243005
544706421
3298558312
6280493848
5456203417
6908261090
7191682578
4438252755
5111101594
2683812028
3900059440
2907637389
8514764466
5446933791
4317495448
3844099134
3952870058
2781496564
2904232819
1973118421
8384433912
8492106849
135044805
135041471
296036813
3400936956
8330831681
7621481940
7948998970
2615740385
3457812108
1812346810
2276555071
6150948924
11865560484
3274974810
7225611702
4721555530
307617851
4721556302
3413711928
5394167331
5631279319
7381807380
447248234
7381707174
6280499600
5456805866
7381886208
6459899005
6624614089
821429775
2277353078
2706401191
3294078901
3739978971
8991977797
4846891629
4847507978
5301008932
10796239426
347112073
4635286539
2898280373
8363944675
347111698
5688007309
5631861250
5551028654
10195907123
9067738777
446163794
50494635
3194520304
2410209145
4500230381
5454769656
8717210833
2261563121
9504102725
9548126836
4276887523
2616562156
2980999601
7011360791
2696029395
9792661515
5866544574
480431997
4685004355
4815387988
4771813289
5110028554
10482935065
11820120073
8301483193
3127265065
2598287827
4650777700
4805378035
4805378035_1
3769942572
1807319362
5038769684
4675290746
3886520566
7545563786
3825993336
169894832
6336162044
8653286717
3985550
336298478
7079070719
2312989469
5715422061
3297734497
331229065
2349262408
8654409280
6754863197
5456826924
1670874363
185128007
5871980827
3306554623
3259863724
5777309412
3380308894
8810438217
10892462413
6393469545
416554452
4459177390
461601946
4598250239
5301009992
948517193
1764485396
3732119603
9838891576
6691852653
5872576110
7980828412
2831788216
3886523042
11367710756
3900060924
5653019748
2293092517
7983746133
36535126
5568743023
5951174457
7366679462
4230574853
2783318887
3259869418
8989926863
4476079117
5734661194
1428409401
5737747778
3759257079
7708306446
84532459
6931850042
2830940393
3732923754
6098967815
3193688729
1427736291
10045809175
4827670738
4760356683
31802322
8993152272
6158828361
5042020745
7572888788
7284046260
509940000
3298560930
299115791
10686868393
2682972097
10892160195
2980998033
5834678415
6880121837
5550473443
480420746
4536885673
3292872806
2682975079
5134809005
3885697421
2829538628
169893971
1812346442
5041829373
6943840258
3313254336
8482135312
417793033
741255719
8384432586
949554410
608304277
3676824993
5737751012
2441448480
9027337533
5134817803
4772452248
8561278416
5251535082
6179095564
330074636
5653019042
126338879
6280420766
5250932835
4287905697
5229638919
10720025863
3379263383
3434861765
3821450103
2892564608
4424351668
4598239599
3230062835
7545557102
5782604289
9545335019
4288652080
501810169
733327580
6891537864
9838858124
10195735684
5134807563
10490170984
2696165073
6491470619
3629414913
8718332840
9844326286
2973732902
243223285
2682978077
1806455411
99211416
4439339206
3899278109
477044873
5175918109
540047657
9027425329
3759753035
6691853523
5670294902
3259427928
8877204767
4598848520
5960517010
8263945135
2696886400
5058433014
5670274044
2779203671
6691920767
2784174718
3082007635
3259068153
9000924112
8265039974
9506917918
10445375913
948727397
5096314487
3274153053
416555267
8524417128
3900060798
2535213665
1763635451
5835305952
5301005480
1832536520
7621474796
5290290829
8558970800
9364925377
5270752231
11217134334
5300419005
480418206
3230912884
4258418616
5951285958
5052137906
6754855347
2059702588
5835185078
949499384
2616583918
3843319247
3435563002
99211296
4132501207
10720074313
1672513173
10892303164
5339504474
3160497097
2771195589
8560169897
5456049799
4103995500
2729398997
4268086067
4012849323
5163881339
2297447765
6280492506
10195601364
6908256296
5554064741
5270773357
2758295412
5251535776
5176522476
8810440817
8331889628
3298320531
421994409
3230913292
6920275879
8395130859
11285399
3944714517
5336492721
5134127925
4166931160
4772453986
3677556170
8513647285
3093564182
3775613116
169894963
9099219295
4230610163
2683793930
5178267201
5270763611
565901964
2976181
347112984
3410044181
2492989766
4910005618
11401076336
3774810315
4166177287
4554246069
2492169221
6865246244
4532322806
3388816457
544579844
2907416708
3821454361
6943832696
278547939
8993146626
3274974928
8993188812
8044746707
10045665523
3471785688
5659996309
5965483139
3259031037
2549593192
10753820836
7568465888
9037424112
5898744892
566300201
3778500481
2178005961
10523803074
5059954072
2982903349
1429327146
2392833234
3173253844
8395126701
2951944040
5118492449
3197210759
6159329428
453089046
289622192
4476858062
7621475744
4711995426
2730426066
416554563
6279965095
5301004802
3580287701
7225660840
8717210207
6754847251
4928054552
5096878634
8266274967
5455990367
3676729687
2477060887
8020669765
9029686416
3239779492
8514759660
10892194976
3752501739
5872539894
7076962947
5965409469
7284062702
5110434517
903781822
3809253607
3298563892
4286923028
5062928979
11517589704
7996680768
2764399631
2261567355
11865424513
7754470042
7846949504
6014452870
11548229355
2907636079
5207029843
4684078910
4439343790
3770747503
4263278691
8514763212
3770802824
4286916166
112242501
336302378
3345798108
2892572570
2987909153
11429035764
1428403727
5083485500
2973812827
3410860242
4760666686
7754475108
3415734081
11367788084
3299100562
3770801661
501768683
9504098657
2432862469
501723368
2598267621
8045924078
3412911223
8104354217
6279465865
5502378543
2983759370
681317936
6178581247
8482134144
5338890507
3531591574
680827502
330062705
8301494923
3443809302
8047217741
135045267
3944721537
7996660780
5910658174
3470984953
3899279153
3298433747
1861199892
4918999221
821429619
447185314
5250931111
3638999268
10920862756
820540882
7545562786
11865978416
9506852738
4264129420
4168835572
544583874
2058916245
3833374243
4889815742
2478873975
3779302036
8395123619
3834419104
2213092852
3200054599
3844103166
2313794286
6494668899
5038155453
2899148700
6393472425
3770824426
3299261746
946578990
7545559392
5987192110
9617663181
8020708961
9037392252
2114677653
3770770479
3093560172
7748955696
6279458089
8302542098
2976179201
3531574692
6868463116
5271363586
6754842711
9793508173
5636685913
3809239067
3844097096
2620834840
10719836514
4277653600
3435593588
10892463543
3833620441
3629408961
40220522
278548346
9857556716
7545559752
741255651
11702889924
2682981755
5398427797
11820603876
11401096703
3770849041
3299257052
9042848062
3762707315
3886492202
4286931914
8265042836
4650289561
10490159076
2337424251
4684325374
2972884059
6099515968
1428417521
2181224473
9545539175
3194523092
3379488139
7621486156
11865424963
4015978965
6916937341
2898561843
3717672447
11401073634
2690010339
415961769
4854744441
3200086243
6491462977
3292945476
5612270238
2779698826
3884662103
4264031314
440820923
5131462222
3161412996
3126115510
6491465199
5270767869
12281761964
2828701349
6183169258
5169442859
5327198969
8431308366
8301489829
84444684
4815260460
8452020262
3759303603
6915332765
4720890011
6182610457
2972886257
820551032
4815390600
4855359798
5966004686
10195808914
6045528844
6910930333
3485942395
4855356012
8838678591
4268828288
3739368855
2922816914
5110169706
6247666257
3145630170
8974607384
5866559996
8396209438
1712662249
5715451325
2829539204
112243180
8877221455
5377710877
308612814
8395122203
3486001485
2529883965
4309531528
3486806664
4012849801
5502977988
3486762700
2599504754
5038776168
50729239
2829747841
4764566295
3486788246
447248378
1806459121
299115796
5041872853
6491467667
5456601624
4824801346
5258787944
421994311
3434567667
6868482726
2411547713
2456918469
4308743207
5670289852
2970861385
5270770709
1428611460
5135420928
4368005437
8492166039
3416544132
1428452253
2630673146
1426433995
2219518847
4257656589
3770758676
512080165
2166535100
347112906
7193127406
4268827186
4168830104
8492150179
3398327000
4683480527
9254696263
3770815688
680419277
2892264371
8104369896
6891541216
5301002552
9339938192
3471789724
336293060
5782584543
243222439
11865430103
9847017654
8027063033
50742869
5038158893
2202481442
2706918472
3457811362
8045915251
3400937564
4025942939
3821654481
309043880
3809258995
5082875009
7996693101
5866561812
2357094424
3415726561
4633641116
2366421011
5456110051
169893920
3379261271
3416580046
5819445027
4276880289
1594465288
1427394838
298038233
4720899343
3298434489
2976218
4746343456
1001205877
8373978560
169893849
2530722110
2178794132
453089874
6292210355
5300406547
8481036067
2998910157
5898164801
1427900367
2357092050
3633366466
9175471222
945313861
6829082544
8838747427
5336603721
6183112194
5111072284
8712618991
3777250659
9324366369
8718320116
3308439478
2530731872
5337297744
4547380971
680202635
2983760098
5110539285
3388817135
7468174436
4230506943
5937710790
3416529914
5456522918
2976167
8396212236
8993176772
3259898966
5236089799
10523798314
10452143954
9040624435
7381787616
3884665115
5872538040
3944780599
4348309547
8989919671
9690520038
9504069775
8264801729
10795179754
7333983826
2412442476
3145628812
4438256039
2892449849
3885467754
278548445
3313056116
7093077551
8395136279
6491457719
5502374037
278545009
501761869
4685006987
3274974384
4016939245
4636268953
3470294356
9792811116
7969115056
2530717492
88495086
5327195087
5083475972
1427731797
8374013216
5269515926
5454767960
6828719093
2392830330
3760201030
3239785078
8373986714
10045606263
3863621498
4574103282
4989344008
199555638
4792311308
5338890939
5251535876
7756472742
99211319
10195795404
4919012315
7756471602
5960540752
8839283512
7669778380
5592805263
135116101
72861323
8104353803
7669667584
6851594024
4989357362
3093557056
3470961005
5229638235
3168952218
10531062644
487262792
8396201460
169894508
6828798241
5637213132
4598842622
477044465
11932030623
10686860083
7032411801
8717209603
3255625935
11545827426
3844105198
480419052
2548783943
2599112732
3492552853
2432861753
2730437774
2830583346
3443004797
2800022495
5118492633
3309818987
3213272217
7545558604
8482126630
8514757824
4459178306
3885456070
4912712983
11401079976
3173783162
8365014268
347112227
949531782
4928098875
8372890201
3307350379
4268083377
3885725243
3821653979
5872570838
6915332487
5091309912
6045517224
2616792186
5669720195
6975240107
5061777521
10195882726
2197756325
9069973156
3185623536
4219888157
4528643586
7545558164
6491472913
5129781006
3663137760
2829538310
3309898393
2983760000
5962728323
2800870138
9423409782
9548413276
5631863348
539953748
8993169230
2892271777
4683477697
476510760
9847050854
5865999403
6158583485
4005389610
11367797404
8523324553
3531586644
4263282755
7621481014
2338258706
4979123403
4062572643
7999088401
2634312712
7315677238
4500261541
5271356488
6274423779
4025944623
681206440
461600955
2976176
4685636170
6880120867
8991972315
7473797700
5062929955
5399044198
470032783
5502387039
11933453424
6279953711
5959992363
8933604453
4257657019
88494548
59041371
11732748375
3944418229
3299088304
135038695
7796629998
5454976139
7572898836
2114669011
347112658
4286182811
4423592469
8754314739
5091310402
2758295922
4733382879
8301492165
6932994858
369446910
4882108722
4928044682
50742923
4635291903
7381916912
2922855998
7344192480
4472535510
903781792
1806453489
5229639229
11285634
3760286806
72859222
10892194156
3145664852
4276885251
2392036795
3471787882
3740146414
2951008473
10045482563
2461840310
3412912743
3837849261
4479259180
3568604796
2696206811
347451895
2689904793
5634661359
5111026452
4635894400
4678489799
6375744231
2906571999
10892161045
11519325455
5051526321
3160445133
7639980088
3822259678
3160663901
5966004670
2177988767
5580052759
2772036760
5554650108
4636373298
3410857260
11367738404
5834749503
3173336908
5160401002
471119878
2682992257
8104370576
3299261206
3172496917
5052147982
5350123101
4012849897
5250933407
7748963746
8524422014
7201332494
10045632093
2440618667
3352301331
9324326243
2356405382
6848891996
7545557650
1889799985
9690523632
4537525172
1685440660
4439026700
3862857911
5951687854
5999647578
3118869290
6044953317
3844091610
4635890000
7846972040
267986381
8331858680
477045951
1763641129
7333983470
2366447323
4439344466
2831732456
12288788105
121717603
2973783529
3239776630
10719825096
8354857679
6031580638
3292294323
3944417741
1807313938
2998910511
3194525358
5229795872
6828820619
5038775500
8933609343
6886316262
4276893583
3770185618
3770828505
5175915255
5110019082
2453298861
8739328843
2951069467
1673365514
9364940315
1079785271
5951719600
5669723349
3379489423
308604130
4439344778
3770432440
185127297
5866554618
7748960548
1698065985
8557265366
3945512630
5213996871
4734115476
3298430031
7756472312
5057268406
608547460
8481041915
5569340632
11494558263
10195966583
103574946
4268085119
11865972836
8513649591
5096912250
4258417618
7225670612
9506844954
8493294360
6119267298
2800865380
2686714982
10195754275
4166167575
5169435857
2262345826
3030568636
7189752932
222216610
9337831103
608540186
933771314
3298433135
5128357596
8514769872
4720906067
3985091689
7255517110
3292900142
3298521154
3239781990
299118588
4286189159
6393480825
5061778023
5258780260
5563453005
70503283
3298273427
7669731928
8301475659
3473255564
5653021618
8044744331
7473328636
5041772573
3770706544
3760654960
3194524660
8514771198
10719822535
72862115
3795731986
8482554825
2607614226
3259411532
6691758161
339509632
1685439082
3822257786
3328278403
9690535726
8558970954
5229638367
3207995524
4598244365
6460218519
3485999357
4635895062
5502383739
8207583449
4438567645
4438574653
10452850345
3770431016
5872537752
7796618058
11933848736
7292997246
3173195672
5898171817
8493296918
2872336521
5229818206
3274153293
4166928084
6582496711
4928692780
8301494205
8991095498
4720894817
4264128286
2355224669
2922784790
3309899746
1079772069
5456307371
7754470490
4230563925
6848901676
501760895
4814634085
2369443929
8045926392
5138260287
3471778308
2892360546
5910084259
10536426625
5866529014
5636684249
3470957417
5118494471
7423550510
470006382
11820607006
4711348349
3398318160
10892302134
4268083769
7931061930
9004444004
7754472466
3197209447
2922795314
6868533838
6099601258
6908787687
4912686098
3230912700
1894854074
4316754111
3774492333
4873565340
4927446001
5593399034
2829748803
5631279621
5987191936
10892195306
8047226598
11733102976
11865565484
5456152037
2682134054
4685001363
4650294043
5059343337
3172500399
12288746955
2529908955
6031580490
8263922931
5898183199
7473432344
509940010
6492329481
7640028660
5551031994
5062927967
169893485
5096278783
9265764178
5394159515
3668230420
169894272
5111037314
5213559317
3530756445
53086536
5251533840
5866528554
487643341
8284227035
7568507416
4386207200
9545558487
5096279109
9548119788
3389624448
4040194510
10796324356
6280417560
2220311248
6828748431
2907428134
11516327404
5096913262
5866527166
5820000028
4472422530
3516536035
5144471796
5138269497
296734019
5966004664
2831723610
5131462330
2779738426
9161873374
7333982582
3313259918
447185224
7225648752
8877813508
681321254
2893109012
5096883348
4537520576
534444862
2982903253
1618211638
5653025752
8933608283
2356261145
421994419
3809264233
4479258876
8020671050
3436239581
2477873668
4501788190
3144805879
4438253273
5834728587
5820005710
2262342176
10720112543
5394734130
6491461031
3760515910
5285626787
9792663515
5631278977
5834620059
5052148870
7423391816
4928041884
5865998709
2477871254
4476856880
2599102242
3908989117
5554065147
5059957124
2612186959
193802181
501778315
9847103976
4220640906
5337331686
7669780204
8643344470
2758296162
4276888303
481403396
8693768333
9557333658
608311053
2903470430
4574103592
5350122301
4854744915
3687288705
3530775049
5951717016
10892160725
336294636
3844074154
4746393844
416345717
2184117824
6492353629
2706918334
3240111388
3433126764
11400999874
2892429779
10195847363
416345714
6178567211
11941809575
5658458626
6159319674
3145634372
4818781521
1764492226
8045924676
8514767216
5758306215
3298432953
4451586904
3469474601
3567762071
8773360440
6182593345
5834682115
2779198886
8140825048
5872572524
3804461369
1469173249
4481578877
3400132921
5251535492
5337200320
3207167997
5361686565
2526822293
1811503423
2971710476
2337424645
3759169099
3826021908
5327195847
10720090073
2337424793
4685634504
9847007276
135039065
6178578153
3038902071
5959963547
8301476551
5715410211
8649136026
4680810380
8724766937
2922767334
5450278548
2987908535
4062567643
12281863776
509940004
2492987710
6868529050
3843321335
5175933457
902931145
347358821
9067739127
948426121
9042841404
4822517891
2778877037
2696652964
4440874449
24333421
7846965770
3844066618
2779697228
9285980834
4733384559
7167485351
2349265024
1764496714
4640150206
3629404073
3600715214
10470163856
2999750116
476877830
2350076995
278548028
8482553941
2892273509
7240599800
72855295
3298274891
4678737084
9337149377
2765059913
330096935
1428699474
5336657907
424211156
5820007838
447220443
5336709067
5290298147
4438566193
2892256701
902931195
7621487114
11865978476
8821025202
4258415044
3945509304
5652466389
399609906
4166934588
11733493356
9554791105
2217335676
6908256748
4889829186
135052383
330072686
5350133147
6178565409
3771573376
7996647919
5737199547
4268081161
2682980481
5634045433
59041289
3433124884
5134725079
2298257124
4680811086
382180783
6754820905
5456739856
5542980470
3760872678
3193689373
4635292975
3568159209
7782676008
2899501674
8688480101
5758858754
1427389680
4672308602
8045917405
8044750559
4854740737
5440915396
6491463383
8934222904
4854723355
2357095710
193794600
3725184123
5059955700
6739504555
6274935598
5096875304
2893107550
1763638935
5135423086
2529904153
2312991971
2830588252
8633728015
3530758573
3030189988
5041767379
2729552805
9558072356
6479983763
12281316245
4761460388
3306554937
4264139886
2482764143
7698231
40220521
2977031608
465191337
2198535282
3298434111
308612827
2703105035
5082888891
7669688356
3732072735
1763632205
5783163894
2441448298
2412427350
5336667665
5286223212
5604422261
9027365431
5394720638
135051639
2313793778
3434464711
31802307
4040194500
448441805
7201320344
2907432046
4680179205
3629171779
3435674982
6865245266
8248251720
5617737535
4026696776
6624567857
3410866204
4904458042
99225218
9792770765
8396186516
5716020802
5138864974
3829738249
7621490904
2313010863
8365026356
10452124654
2690113223
3259067025
681301346
9617662393
4711345611
9045137136
3413127243
12497114985
9846995484
470019825
6930783238
2548799221
9327110356
2313906127
2262338654
112244851
3160589431
11703256956
7423393338
9283200289
5200254472
5715442729
9364933303
6279975794
3844086536
3779289528
5819438633
2412391894
2893105540
3630233340
3413187501
24333403
8557266074
8372898521
8104369604
5631863144
282279870
2686725548
3388813619
2829751953
5835177370
5399033834
6031024805
2976230
5497362355
9847056966
5082884383
421994302
466220980
2772039580
9637098168
2873158508
6915332351
8027062614
5178456328
4478633745
3230913318
9620898086
2829747487
4888932586
330084330
6178597091
4796921059
3771541084
2973797889
9000932620
3415764411
2064729793
223803781
8993156578
169892499
6829085108
99211656
6739487927
3310629850
7293028228
2974629162
8302539206
6739493259
608559516
4017698526
5937151975
3771662660
3306557491
8314752968
7640020774
4598246565
3259032369
72860398
1593637477
10892195586
416555018
3843296395
4826103283
1674819681
169893197
12497053754
2921995787
5866518700
4649244270
3043871600
2548794557
6930908102
8718333100
902931209
4220613318
5096879628
5820001854
1812346226
2620013013
6077850234
2366432827
4733448733
2892254997
8104349367
8664737215
2907068295
3410052743
2381941393
4472419172
6077910084
8561275970
4881421629
6528444885
6700323211
2463752189
7931074024
2983759898
2892422259
4386201980
4216526269
9069965246
135040382
3307390686
6774160794
4349131322
3388814039
193794990
8155183601
7931065948
4678489805
7014628395
12281415823
4598254147
5398391453
5636692267
3193685193
7193109366
72866324
4635892626
3771560958
949428072
72974619
308612787
9254682733
5715385311
9015160185
9283161445
4700846120
11941303485
10428221063
50742683
5350737652
4771811647
7867470286
4678405231
3658465587
4120529315
11497521
8384439112
3530767989
4458401155
2483574130
902931161
4898405013
5290322539
9847052326
7294736894
4989345320
4554231549
2527635810
2828701983
10719944656
2800027169
3775281856
5910651282
3312442081
7284027740
3825228367
2198543144
5497373953
4108663816
3862851419
4308678217
9846989364
5134734728
4263280839
1812347970
6045526832
2781049523
3779296572
3760187530
50742944
8991950803
8343225304
4841285059
2974663894
40221775
4472532454
822313004
1426502085
2800875336
7259485734
4424352348
7640005896
9040630137
5872558094
9186157305
8513657035
3568621734
6911155485
3732906892
59041491
6254880864
6100462083
5096313677
4635892272
8264997786
4889795778
84532518
6105742094
2620836962
5819441759
3412915661
2779695912
5038157503
3759877843
3581097520
5711873736
9279762379
9364892913
4792317644
276319569
4622498265
169892994
5153729673
2686712866
103573052
5236075993
7816994786
949386486
3599903709
2676126339
8383348833
3389627808
4767827587
99211619
6077356765
318465876
1593625299
103574232
5134077951
408681016
339503934
7572897612
7000905666
5229208717
536008018
10686864713
3353114684
7669686422
9040628097
3763486668
4536892651
7352696164
476511044
6280549492
7473839724
5214586746
6828807053
3770743117
2710777669
10686863483
3486795312
148880487
6912341307
6829079146
5678449421
2696594148
195152065
626390527
9324370737
2898340443
3862843013
3885459460
4760053519
6754793561
2433677046
1079804377
5910077683
7011360169
1251192664
135051329
2349259180
4764571853
5051519217
5551054280
3259863278
9545488523
9690526818
7294693332
4317467692
8016523691
301669987
1345399308
2800875890
6975223343
6896175006
1832533352
7032411113
538263047
5009412652
3145640418
9545326009
308612839
2948863377
5350124993
2510454848
3567766835
3739344801
5175916261
3657298870
5258170019
7572879188
9004171684
3829738107
3779309242
4264127650
9847029186
5653035956
4791703957
3293118354
2789250531
5229799922
9262984273
9548335934
5550440633
6886323848
4685634044
2800871058
7721575202
4765206950
2903432858
9617662661
8999736643
5109416237
2778870073
4989360074
7669734690
5119094852
4252617618
12184632665
330079508
70503297
6955958934
8044749771
3352292923
6183176212
5652465827
4004951697
8523163827
40222616
3259219916
5096961666
5083471958
8331860376
2893096760
11494541456
2849498673
9844371685
5965598007
4650900590
6280505010
1463310259
355400046
8396196432
5100271980
811688950
2906589201
8754282065
2392821786
12288777555
3568962714
626405993
5090713061
3298320869
9844312815
6179107852
8773325088
84532558
8821024424
8372916849
2735188949
5213542757
8298434572
2629851239
70503374
5497684833
4062570069
7996662856
3630184852
176087097
3794900025
11494476485
10452220454
3389625072
1806463491
11932887235
4276883779
4268083017
11941861445
8021565580
5213539481
6997717861
4107895469
5193321637
9254687593
3780148818
2999750460
5119096654
4456209756
8593746331
3471793832
10719842495
3274973614
4458396589
8248263078
8020631558
3259034411
6828790001
4309410298
2232146012
4500267985
8524266698
6279892153
5134623144
9557820464
5951657494
2115446472
5635243888
2973795209
176087446
2349263684
3944414851
9844427733
8051598649
2276558761
3309860357
2921941125
3780146172
2907432762
5096285041
4062569249
9029663810
2178789974
347449936
7545556044
6775122856
6624639513
8690059626
2830862791
6700333445
4822523027
8302540384
3179502436
3821451931
5118493907
5096883078
8556155993
3472449933
223803687
3207215247
3398330080
2682969195
8314754328
4733390611
40222620
9324318413
7042303071
2615746347
6691761803
3944724351
4007551439
4263273897
6031024591
4456203296
2891736861
40220520
6183133216
296734025
1861196106
477374463
12394691083
6910993947
6910923603
8934218442
3239781062
5119096086
6868509120
4016740594
282288074
2219711553
9324357215
9844420835
7042236887
3309896949
6183154066
453106631
4262615328
5110017396
5143875473
4478634625
3826017230
2453298559
5361689701
6494691793
6393471307
477372419
3313272320
4039454813
4230598873
819681179
6880116585
3580295641
2891518357
1428450809
7931056058
8754295435
4598846818
3825966954
4286936488
3732915768
9037431690
7996665913
8582151364
8557871431
8839312532
8207584161
2114666021
2313807296
7770574244
2629816509
5554649384
3274973852
4005081942
5051506583
2209780543
7294738066
3299113906
3687299229
99211987
2198567778
10686882603
282276797
5338890679
4286176767
8020591964
2974633342
7032409059
9504063229
750690861
12497065235
4478634303
9846927264
4219774445
3030190776
10445086536
169894219
3843301371
5715948986
4166936124
477042293
8395113713
4900990689
6624633633
2630632918
2177851937
5134720980
7568498476
1429286906
3493365324
3780159542
4216523515
3030190894
2974658470
480430109
2313806826
9037390000
3469477957
12496565503
3207142033
7054350639
11367698445
5518780743
4477035103
11367749426
3630177754
5498278912
8991128682
6754851079
12288757945
3298325581
9844384015
7195587892
9257467100
487334435
4263380843
1812348124
52052082
2970868951
2369443775
4062568869
2730500198
8020705174
12394625055
2977032484
8560179673
8717209869
6911038383
5790803571
7284026448
8653279555
3485976381
4062568003
2298251460
8047210671
4650317765
3485941445
3030190682
2921930457
9844395755
11494476694
7931058042
416544904
4217289592
6150928494
9003265551
5497694405
4678405209
4264023358
5871984511
5992432830
3629413075
9337139389
9527576532
8297364063
2744360882
3193683061
3415804167
11865430733
4650277985
11401054334
10754351066
7996679491
5872007993
6912341571
4012849233
8207583119
4703314180
5170044846
487658962
135116270
4168837448
290352615
7259466586
3826727035
7931025204
10536163974
4927451803
4733463223
6254348733
2921958007
2892442683
8991955645
3687294985
487649798
3770006391
3940590124
1763642759
12473411905
3474151758
6829098254
3739398765
3739394657
2461005599
6908252562
40220519
176088331
2904231145
1799274620
11820609696
453107663
9327129776
339911248
7754471262
3435457260
7297934902
31799359
12281712244
5959997499
5960538920
5199668591
10452119926
4854728955
5134695840
5229638835
4230615377
2559568764
6739485967
2523918981
193797926
3030568772
6300251471
2830587782
8020643802
3198050740
3629979914
3207253225
3830533352
4791684371
3178664767
11702490555
3985077169
99211505
3207126857
303002826
820625612
3307388490
2891734897
2366427623
3307391506
3471781758
5052126248
278548241
99211370
2313794806
3760144251
2907433870
4720891855
5319095358
11400972336
10686690554
5497692837
4500270931
8104370768
4598859698
2277354398
5144480530
2781496672
3435588820
2976232
3469479001
2577256765
7767239584
6908257720
4263379025
7640036968
12044979074
2532642343
856091671
3767041448
10045633316
6970820032
6915331919
453107005
10754361846
946157314
949287700
4683689501
8492309101
7014650069
3676764306
5251533776
8768496841
2338258482
4258414830
2486048401
7572893464
3834415962
3638189331
2893099220
6916923093
8104365500
8514766368
5637293550
4815249870
2432862785
336296758
5246235280
7669743422
103560488
8263917479
3255618721
3711183180
1695594662
2216544555
5965409463
7468149150
471121472
12289151284
416352197
4013616626
4889822800
2779701876
6393467823
9027397731
8263965931
9792785886
10719832864
4746434804
4815262450
7568480222
4846889025
8493324986
5898163583
5038775178
8483649192
6997718055
4184448882
5618082961
3239783180
3825211711
2058917961
4458397751
10045488655
2981858036
9027372941
421994294
5336468641
3773755365
3769974753
7931076060
5042415222
476521787
8556154591
9617663457
9282555290
2059702220
2356265081
4547363613
4440878827
4268828872
10754272665
3944725421
6828739337
2058915459
2598283515
4889207749
8104370020
10686683314
2779729550
2976178615
7621490054
4771816811
6492327911
369446541
3825197145
2366452247
135116324
7640013522
11367731175
1763671667
5992431782
4678737118
5135418582
8689639898
5214135976
7943346658
487290291
4745768037
1685434866
3297722685
820984990
6931849032
7079026569
32118479
12281698394
4573469955
5976290086
1763664011
5715994160
945298663
608318725
4598238923
4846890949
59041358
6624553847
2893103858
8685321724
7196668032
4092170995
1675790948
6098236714
2698917906
8239290674
5229639139
8045925340
3834138296
6393471475
7621492756
3740150104
4471379667
8363954277
2921968941
2905077484
5109561257
7621485256
2872334059
7468192418
3213336488
3770063713
4646928511
4684098372
6971262567
10482519424
2461838666
1954858057
5631278579
2115444862
4823143418
9567286211
4988756491
6915332205
8582151670
1618199054
2115443566
99211924
176087515
296027404
5176517974
5258781954
4013618206
5475279928
6754882129
6420941253
5398432423
5670297892
2800870418
2620006557
2906577391
3952873534
2779740694
11165601563
3470983121
10045759763
6031023979
5336594367
2682134066
2215439862
4133266622
3093561204
5138869458
5898725970
5866561430
7669795154
4286914204
6077451511
3945498430
3862837233
7014610535
3531736142
5398442151
4258414762
2313824004
5199658391
11370126356
12181478664
872980326
4476855358
5170045744
9617662087
9029610152
4277639374
4928049724
40222618
8395143153
5898739182
2524337964
9367698604
2178021481
2988768224
3298324867
2338258414
3945202422
3893921987
1288780397
3207964026
10045868856
4316751509
5096878246
8839336296
103573258
4019348496
481412759
8365028594
3293930572
539957148
6754812921
4440874523
6779632264
8482556055
10045665564
680394297
4646931035
2058915961
5670296752
50742725
121717602
8020643417
8363946603
3200093159
5229497385
11751292774
8838701083
4263382187
5551059284
3102901056
9792763474
5199667171
318612843
5110465307
5135330366
8330800385
3411837455
3256442764
6828825667
1429277500
169893635
339510410
3786572822
3763499450
8493392970
8754304907
8877224307
4426919197
6078127064
8839277774
487692023
135114980
2338258922
3710372933
3944424229
3740142670
2461004853
6247665303
193789218
7756472496
7259471032
3830535032
4441656560
6279981036
5498285846
4548003684
4295926845
1685437786
4650852656
4678489825
7979813277
5377709663
2744360888
5962310647
2758297648
2973786433
10753851726
4738421388
5286223914
4166938142
5118492559
8658660241
8331856290
4889820746
3388815995
4707775924
9339922364
6479967277
222190662
9633828985
2831734788
8933604583
4847512108
481403224
2757457623
4881501233
2951064223
6971253085
2454740571
3486797886
11733036173
3400939280
5258169647
8934218100
3833338131
11285322
4500909144
2973792977
3779292138
8560157573
4574103466
903781838
2132188900
7996688696
3710380793
3486775468
6279987718
2685896883
6182584791
2478925841
6279986418
4441652196
3775511193
3307387676
417793156
6077442803
11732322485
4761830880
3030190566
2482756687
52051542
59041174
3980924038
2676129841
729287176
6077891352
5569326822
4310790763
5038777548
3677644214
7754468296
501748971
5637174752
476520187
10656743583
4263276405
5554649508
72865178
5927509527
3530782343
8373983796
7981954679
2367255788
5128352008
3677557996
9027464697
7770571480
5625778544
7698246
5110476567
5498276900
487637593
4440874655
6183109810
5230231312
12394604704
8020755507
10796304015
4423593135
6178572983
7770570644
11494572763
8492102621
7931029930
6739494919
3779333933
7948991128
4635289199
5350744768
6896145452
5551030150
7669793312
4455432619
8513651959
7102027213
3688093680
3198054864
5783147384
2899133600
4797549346
5270758023
3193682233
4168069807
3397529403
5554065599
5454165339
4711345351
3389624832
8556155563
12497260794
7284029260
5834698207
8686233240
5495833815
2165740695
5258168883
540082147
6494683873
3770817415
5337290332
2878584519
7770589416
1675682028
11400976535
7189748072
2313005255
7294655744
5951665592
5163879207
5635242532
8557890681
7708308682
8016526044
3691759055
9279767211
3173783158
4760827205
3762687997
3830534876
819723003
8505375057
9337931899
10796085566
4316743975
8330799519
4889196603
5951661240
481415895
3249151290
4063318122
3030190418
8933604303
1955829430
9254688325
8877804938
1807314902
3834163666
8689601588
8047226158
5353149648
4106629292
441446537
680313683
3763489428
3207111289
741255779
4262437830
10195898496
7181452217
2598289307
3769934649
1832529568
9535975141
7568487930
3659262246
3173167500
12497092273
2685906651
3296559575
31735699
318612384
8365030406
5617739573
2411682265
9847011926
5502977112
8665837568
11960519616
3672150750
7201322828
4760086821
2772040972
5455586790
4217337792
5251536390
3435368358
5110542687
7468196656
3970789234
8363954689
135115317
5502976066
3397468387
3940916652
4500879888
3769932632
421994350
7305211204
9524741891
6158593295
2293879588
4016836935
487509630
4348313413
5992433354
2634315496
5819441165
9285920370
2988766914
481406552
4107880947
8247196215
2998912353
4711995478
6178575875
12394260295
3470959207
4015325236
2277359774
5910640882
3740182754
2877998643
222166701
7949084638
4806004078
3299257220
6880122441
278547181
8027014495
6182579297
8643347864
2943175092
4707151545
4257658331
543179827
8044746271
6077486331
5138862812
2677780629
2356262181
2898338603
1428401613
5312575134
4277641766
2972708359
5497682231
1685436554
3838683828
1900855676
1979427420
8247197197
368382247
4405330628
286430209
3410058939
5960555688
5632512890
6912342569
10892463733
4823133798
4016940987
8314754994
6700311309
11285515
135115983
2981859930
3774457925
3862834515
7782712882
2078747989
9067742495
4650903186
11367807584
4711347835
5245196553
4849516402
330056915
2706917898
2366425799
2831800840
40222619
5063542374
8684202263
6479937569
8396193130
5715982488
9035177083
2778848263
64198400
8513658387
3397465641
8363955303
8664737149
3307391252
2456918629
1486670103
3396194692
5498286750
2337424477
52051413
4268085925
4635896462
3899278965
6912342059
3307389598
4257660395
3309873475
4746416920
3863671864
4479259790
218442238
8524273806
8383349115
2477871906
4746349218
9687295393
9637070394
7297957460
5038774842
5951112293
5715411349
5538918645
5229639759
7669740696
11232657803
2178009779
421994283
5229217501
2983758892
7987838759
96842062
8688529819
8839339706
1721103986
8556155157
31757769
5301419162
8247189513
6921238023
4823134114
3944406887
2686723074
5989440911
5611687251
2548817981
3691795385
3388816935
5927514557
416345720
5652456005
3274973958
5951260060
4881498543
2634267214
4548003318
8481036527
8047225142
4440874351
3393040676
446153951
72864032
3306558303
2313907535
3780144748
1523277395
446147662
167196217
5820006372
3193674717
12394755404
5670279820
9015164343
5187088935
7545562976
6739503599
7993607792
121717601
2686727136
10794458684
5543481032
4889826160
3029355971
3161449482
4258416596
12496940295
538263063
5182273900
4133264792
4734226554
4934528512
2050957256
2461840172
134288445
2974643492
5951168411
3639023392
4438251523
477366829
3294122373
2461838060
2898659607
2976176423
4707179979
2778840281
1427733463
487688433
416544763
8044755598
5214152568
6828781685
8208674316
3485985187
8208673982
8725883454
3935233154
382180874
7568474482
8208673480
3833178895
5290319715
4960118699
3312411015
4733413255
3599904015
2620835490
6932994294
3193686949
4305845840
7669799210
2988769396
8104370914
453107945
5336576895
368382456
2830585968
9847031213
3197208399
135403458
6150926594
2526804633
3392228585
2412475388
7977649149
5637270246
681202774
735587018
5311984887
5550461819
9792757385
6828814379
2620011333
3780152428
5962728317
6865246830
5138271265
539966422
4472279006
7568468096
4733513733
70503220
8810436449
12281878306
8997877055
6279969201
1428779914
9838965013
7344309498
3312398493
5898741904
3352295829
9844318876
3769134635
1698067249
4760893313
3145653644
4062569581
5928070030
5111052798
2115456508
4424355700
70503450
7312396094
8396200090
5082878325
399609903
5229818440
4847512208
4017587530
5758168889
3292055233
4702122163
2873164682
3471783700
477345920
5052131860
9846930764
5057313604
4015978473
5062372272
539942956
7468141678
4296701698
2948847131
3718480452
3238935053
2310975000
4685002837
8045920865
8933608827
6880116951
7572885618
4277652254
9282556000
2530726828
8372895075
298346556
6691760823
2613284933
9420637451
3667053844
8189230541
9504072991
3825204493
5324578005
4684103230
5377711513
3435556260
7969541618
2483590658
11401098864
3755384142
3638198319
2849498613
3779860105
8263232359
3774484665
3886519232
3294097959
9554979731
480417906
5143859477
3839702658
2409099486
7568491844
6010896677
487666298
10796446424
8297422693
185127675
10474547324
10263149134
2706098941
8330803351
416544843
2634254778
8020635370
2951917734
10482728394
3317145289
9838956473
7867553528
5229638741
330088907
2298250890
7748962450
7982316941
223914037
3630191670
7748961536
6880113303
2921961809
8557265018
4016826847
6159297676
40222623
5214132904
480417596
5230231632
4889200657
12281705194
5251534158
12282925203
11510584043
11702707043
5455601708
4057508220
4791843529
6925748483
3795729358
7193384172
2630639272
6624557893
10195615874
4348372947
3416526574
2298243482
3407588881
8432860618
2298257598
2298253588
8104354311
9960426144
3171621504
3298533854
4168074305
7134958169
398654456
2922770680
40221687
5398421135
2800870804
296736020
6880115327
2131411401
8513656303
4349133882
3292144501
7978948686
10957217386
7796627154
8483647830
5927510743
11865559554
9257465076
12281473513
348591239
7931060050
3639016808
3638206801
5398393015
5538907257
8207582553
3638203355
5820001188
2178640974
3788328460
4230618661
11865124785
6828774105
5350121769
3779286782
2906583495
3297729299
4678891154
135405610
6912340885
3779340635
99211785
5327194153
3638264271
6044948309
7767233782
9690531662
1956115854
5959997957
4476855112
1429278230
2532659689
4016771837
9069966916
4707151533
2829747023
9847064833
2843414085
9567251651
2367250226
476521563
3866452021
7640044152
1832544374
9339923372
1516342106
2974660580
5834650619
2771193533
6393471141
1713912928
4258416242
5554065419
3469476213
4823142584
1807291566
10045795353
2951846628
70503247
11732393785
4168833746
4769599645
416544407
5096313455
3629163439
5096315913
4769609553
4823139220
84458576
2357091390
7977595050
735596824
501748490
2686717340
4764577121
5297649933
5109583657
4678489785
3629359103
4683653489
8331856100
4063318914
11751268593
7572890686
330089170
222173555
19323760
2313009581
4471758695
534510578
282314017
4928693106
5454773902
2973556560
6925748265
348579538
5063550460
3485949813
5290237269
7201338836
4760827875
3457809436
5898162139
2893270900
3980164081
4063319920
4855337804
9545641061
5527847393
4846891119
5455589672
4296690952
3259899290
4500892932
3297716571
2599312272
4230569443
5062925891
3732902264
7225647014
5928065296
5020368815
8207582957
3899276739
421994275
8330802589
5230230282
84441168
11732272425
3294062015
7572911352
10195933195
4439033482
3778487203
3567790093
2829748335
3677655026
3317345326
10587186216
7014621337
6700317529
11703017533
5927508381
2064729309
4476080501
4438562389
11865972686
9279760637
4633186615
4635896774
6393466521
5951146197
6045508512
2337424153
8755407226
7054346561
7381749666
3230063449
10719728165
5500617031
3778482949
6178568413
5180507304
8372902693
2907638727
1674808621
3579356292
5111011712
10892194686
5327807172
5394787364
3313224208
4049645329
50742712
3639071774
2258183835
3732875654
5038159909
461593568
3985075445
2903532388
222149556
5178864052
8116513655
2277349260
10452380743
2892262453
2297434789
5138853562
5138861770
4765206352
2732223867
2198535954
9029632712
11820125643
11751332805
3939810977
5653022524
3306560227
8992695386
3834175062
12281305945
135422503
1428622784
5336700087
5456565168
8492110865
6915332615
5551058100
3400936016
64197029
6970820724
10195800255
7366683922
6393469985
3773757247
2219520501
501736428
2454740579
2829537930
5229202579
416352187
5542402543
9690530576
3753287978
9687293017
135039961
3292117677
11933273473
7754474014
4264051686
3310625824
12394892604
6246445413
3835427898
4822524241
202685456
4823132978
4518837939
7042306417
7284065246
9557411120
7037628693
52051466
6933001284
2690224919
3142947244
10650631163
8027012353
4930867307
11497515
12497128795
12542204
8718332522
5129769964
7410386728
5134728523
3551796565
3434856139
5960536480
2829539274
11217146714
6274411655
8189227549
8155179911
3944409335
5129784432
2830891655
1429288190
7847022646
5350122501
8617964931
40222617
9254685959
8582152602
421994357
4855336608
4263274581
8266544288
1426403537
6030248964
3292317977
566295389
4501146209
3313264608
2630646886
8523314469
7822341174
4555645157
9792654495
3274974494
72863296
3118939717
10719890416
2482788211
7621478192
3677554550
8560183303
4107897723
135050066
2313903253
6700328527
5373379852
3775286010
3795733392
4960123163
4847508088
12394506145
5992430950
5350746618
3829737429
2879418392
4166930352
5159842047
2183301183
3639085712
5959959399
7193104056
176087321
7462076970
7756539448
1428780040
3667476935
2262366628
5951684974
10536057123
5456075003
487693101
4928814004
3092724249
3944416479
6819698981
10536056213
7294698590
9324361619
2800022765
4882105602
1428404497
3416494592
5965483149
2382774574
5128355692
5138857954
6868578544
421994369
4240212610
3676728263
7755466318
5229639031
539949700
2337424383
8248255352
3207950344
3843274923
4309636706
10659941403
4650275407
290347029
7181452741
4132507059
96841974
2907419942
5213999239
877384903
5138871926
5057317848
7572906112
3259067845
7294742792
4257658009
4822523565
8665835354
7042298535
5176522936
3600715880
5612266992
5110554397
3945206018
4478632177
487608986
8020714043
52051877
9004176518
2829539120
7754467268
7754466736
1079760961
4633046903
8220430998
5960505480
7545559118
135403439
2886513934
9570089356
487263368
4277650218
2800026939
11517498204
12496887265
4168070695
6099517676
10719988883
4348323249
6624577709
8189229315
5910102005
5109414335
5177841029
5618323622
2800870692
347111824
8219347763
4854742011
9045172142
2440618445
50729250
3885721603
6908254370
3892187606
4806011196
4806011196_1
2261544521
6912342291
3805518422
2531086231
5455585368
7572875576
7468187606
2183279459
8877830126
4989342490
4872945123
2707220528
7708307028
6880119125
2177993607
453106913
5455588046
5987189528
223913594
4906971826
4471494795
9257470460
8396184702
4889825988
7201351082
7294672286
3472330055
8326527826
40221783
5497365227
9690554722
3172459435
8047221157
6492324927
4348326957
6247665743
6624575811
9538749988
3952254100
4040194506
2261571481
1851537978
2903435370
2902591727
3145646292
2433676472
7796621514
4076509332
6262627314
3829736243
8582152358
2744424763
2878583399
9620896452
4635897960
7225967714
11751129883
9847044334
7468178994
7754472936
9633827175
542108715
4882062728
59041346
4263382931
2338258648
8664737049
3317132243
11820122953
2262114667
5636630061
7996675007
2337424745
10452204986
1593676427
608309425
481403732
6031579036
5061762551
11639889845
222230805
1193619034
10452092804
3103006230
2962506932
278547325
2166530664
2166529822
12010718044
5271377030
4286923810
3676845881
5959969353
2441447770
5063541722
4075755389
7782672838
5636669503
72973491
4140494070
5989441205
5100226496
3397472543
11732354385
4500883066
8263920145
4966794437
135039604
51548449
7782669660
4313364034
4316702171
9067737103
9857547165
9029558726
480419186
222144998
3412641574
9339931348
339508292
1954858119
1955829324
5993419426
8383347493
6274417245
3769935968
3779346675
52052845
10659731604
471159613
5909971151
6280469142
9617661329
4702122807
5688579490
9792784116
3102174199
480418362
2461003831
3200072527
8220412330
9279813863
11345647513
5636302173
7189701544
6691760003
1642763740
3780593482
4960718138
6970820432
4011385028
4822522725
2297463887
487288433
3753285856
471159765
5782587421
10659727256
7748951760
112243571
2482775717
6669386945
7621473930
7748961958
2707217746
2800875062
5052128624
4683478763
5688602988
2178791446
4039417307
5038776816
2381941563
8810440549
5038159283
3294950812
3435151964
6247664455
4635284819
6492335561
5612267858
8934222522
11702906164
3940589120
10754058903
3830534392
112243572
10423178764
6828732537
176087209
5652457927
4221266668
3688135078
7032421177
2533334430
5951178035
9504044899
2907425156
2831758218
6183151602
2526821247
10753880654
2277362222
3638208265
5128347276
4312639443
3985761536
5782615967
5110021878
2982903439
5327807604
7091178095
9792727203
2800026713
11702937624
9254681901
8649140544
2733066880
8265051998
339513365
2972710017
5455973077
2357090456
4220627956
820978460
3098875501
12044924063
3944720925
134073694
4760828679
447173845
7572913482
2922822312
2685913455
135395894
2974669464
5618076977
7996658306
2962505958
9337146253
6691855355
5138871416
6700314595
6995023041
3582023192
222153970
4349122720
5937150857
4063318506
6044961427
5991877927
4519592575
4960131477
135403450
477363715
2454740575
2962504910
4622498601
3435585816
5965483157
2366435935
5950680091
103572526
4309475372
4804578309
4771813139
10195811276
8754279197
4805195722
4263387515
5637182266
7977532043
4734095730
5454982227
7657020532
4775701170
4881496733
282324684
3298517012
5615968016
4103999082
8576981561
5542398925
6880109515
3754586709
4402166451
6040423813
3867235566
5096911638
290360470
487638965
4168830976
2706918184
476508788
4277633874
12497216703
9844532643
8991943745
8044758376
3769947373
5991876885
4498245538
5179922617
9254697233
8044756406
10423185434
3945201862
487287905
4220570964
3867236296
5637265460
5722301303
2313044951
4476079309
5327804408
222181157
7756472070
290355908
5637233342
4166177593
5528472292
4012850819
4017744304
5625766310
487290807
5338891113
415958652
6031023315
347111869
2299072420
3294124405
9637068712
5128339170
2313044423
5338891415
135051921
2530908841
2361854469
5910079335
6829082886
9324388571
6460231807
9339928766
3299261094
6700331305
2976229
5669726671
278546113
7754471800
3691836173
7333978098
3259037865
135049429
3732911332
4476079181
59041461
5061762285
3687287373
487241138
7201346064
4881498167
3664958553
7996702146
5782582075
1593561917
278546233
7728439696
2461004307
3413128281
6393470559
3173282152
222163079
12044649575
12394680724
5455578324
7754466396
4062571667
3965822399
6274420141
5129174513
9279816157
7304463394
9617664129
7996662243
6700332883
4078725092
2363348833
5062397858
626429569
8190308730
9838968313
5129765888
11751716684
11751269183
8330803139
2973558128
5455589204
421994427
5872016747
9690524424
59041202
4043635278
3313758930
6182651249
11703433606
7532909136
5179909999
11367716826
5271383902
2166540244
275686244
8619071672
5062939785
4439034280
8325470011
2830589086
5782580027
3899277059
3103008752
8263939731
9555237605
3769135761
4476855212
11933493993
417537329
8374000518
4476079389
11733134436
2165736745
3193677513
350308932
7639986630
6045523048
2696161100
9960411914
12115424893
10754056253
5051508521
9723829589
2629828405
6886314728
337226939
3863661214
416555138
5898168125
3629356261
2745260940
6193264099
9792667384
4268084539
9203108375
4166941366
10452320753
3732092259
6151087183
3413130103
8267361298
8265465341
2878586011
3774468529
1675682410
4263243247
8044757074
3470967057
336291419
5178401138
4439344256
5497388857
4308895697
3415766329
5900625846
2780060136
3638273175
4960722076
307617800
7259500376
72856276
3834632603
289638752
4062568401
3113303153
5214588478
31758569
421994323
2497966897
8754330321
7091526959
5250933271
32118433
5271360770
6880110653
5290297283
4216955108
4286195785
486486771
8363943841
5111088090
3630193866
3568646278
7640050602
7796624328
6044966447
2372101423
2356258145
8051598518
6669386079
5229240089
9254689129
2362685888
6183102058
4107894189
453089812
6825144990
3863653990
6970820552
9042919527
9203112839
5625154361
8207583991
7201340360
1955158215
52052758
8207583813
2461004455
3951520407
4286173391
487289789
4012521236
2950994233
2830902241
290360858
2763075841
5987191032
4476856682
486487275
4882108290
4711347505
5527867525
2392827886
4981209783
2531087583
5100232718
3312424155
1306855842
4286935686
2745262194
5782598719
7201355302
3208004720
5636720927
5528474866
2530906855
7847013976
9637074880
4063319588
4062572949
5134074777
52051938
3294095057
7996643779
2961657847
6754866751
3810082026
7193203806
6930840176
2830957447
3294926336
3676835261
6669396721
9282559098
4760826641
2800027615
2745260276
6077516071
10796287025
27483779
4734019980
3312420079
7091156673
2065524674
3752495827
7321201938
4847516728
3098878749
5634382418
6279465607
7568477022
4711986072
7639992150
7949093624
2976213
471159885
7949109780
3178666743
5082887495
1954858039
487262328
3238907655
3443824338
421994338
2338259044
8756072382
4960710650
9254692473
8044743915
7468153900
6274414743
9285930254
7294646882
5636647233
2374245666
5634662765
4889822936
2483578418
10452269596
3834627447
10719926344
8263975989
4847516024
3777252619
10452444083
7996664877
8104350153
8263968081
1635527310
243220388
4108661410
2790093210
7193177754
8877228503
4764573589
288842723
288836087
8181777060
288842732
5991873775
8331858452
3093566474
6182614679
3834659141
453106757
2706099055
5909974117
4889820560
7193072572
821433745
7193427054
5633827485
4402144343
5910548240
5910655870
3567803219
7191685656
5987181850
5378310692
8044745879
1709427114
9568121914
6691761153
7116897287
5258171321
3629159169
8104349899
487291389
4806014250
4806014250_1
5669701655
296736016
52052550
7931031804
12497387424
4108657666
10796261776
9809868413
6279453305
9324375591
5229209697
9324393411
4039454903
7381767396
3207098091
4287911697
3292090591
3821456895
5819443289
4039417329
5110162700
7977555967
4635897572
5871990869
11429175363
8044755196
5394651400
2178639350
5062393122
5052130916
477025836
6739487013
3030571284
6492354893
2482772123
7748952300
5527859257
7748953176
4439035966
416554906
1535297933
3312421765
4960117501
608542690
135403487
8267375900
6700332213
2373407571
421994402
3297685197
7333984500
6274415699
2771193635
1427343546
3029355103
6279460063
3688101398
10753856126
8027038398
4960131103
5327193995
6943850480
5110023680
8717212077
8266173547
2166542014
6348991474
52051593
282306405
2362686268
5965597991
5258788846
9285923900
3299260498
1954858007
4635293649
7468158268
3397457265
9283153097
6159142818
3691805243
4472299636
4075755249
4647533390
10427994505
4746470290
2697000780
4633046329
5950661603
3434353579
4761104584
7076937419
7228796052
4495148807
8266528200
6886325032
8265467555
1850748831
2277346734
7228788406
5652463155
9792813893
8665837480
8582152490
2695578775
3827584050
3473162568
5543467632
7323923
5062923419
5269513210
222207609
347112853
1593702245
5625162585
477047199
5636614113
7316675006
1043162809
9029637884
7949006720
5497376933
52052146
7748951080
4854719689
8047220044
7748949834
7201349046
4764574819
7189761950
6045504436
2531726228
4805371335
4805371335_1
6031579308
7294703912
135426569
476521457
7783922020
1954857953
2348425577
821432141
84458462
3863809775
9327118380
5300400531
7294661128
5866538178
4534113784
7259466352
3687293943
3230063703
2372116625
2533475250
7572910236
3830533180
3568382785
2258171683
2706098567
1955158259
2184100902
11702730615
10754568493
3770033664
8557876311
7193374718
4847511916
8581050913
421994384
8821027502
626425111
6829110588
4012849965
4276888849
275686095
3944438441
3688101934
3810062950
9548270782
1523271735
3732925942
486487119
3795731120
7201353582
2115458866
3543080943
3834639707
2532647681
5258779264
7228828422
72960265
2165746891
4079189370
6246446035
285689999
4882035660
6263799451
8384431504
308613076
103570249
9792709704
822308166
176087622
8415578439
4764573113
2198569082
8634837968
4637020867
5038777282
3691779829
4647533964
4734231842
477373393
5327806080
7473793280
3144840151
5398424083
2620834132
3835450838
5134037025
243221425
289503624
6107977467
2976199
5625187055
2337424539
3298515160
218443542
5464344376
4764574219
2967980386
10497743996
27483765
5269516684
6532214869
148880501
4889210017
476521675
7228807544
7154217817
9254695337
5009408424
11702694703
5758208845
3720935484
5062387464
9367735494
10796381114
296028136
9327173930
5625192265
7201319212
8482131910
3944410843
3570535404
2312250788
289510364
8220432002
5527877199
2366464007
5338891677
6078152574
5528479218
4039417311
6193266919
3237255951
318615817
5910544912
11848435566
5061775187
11865564934
8385232509
7259479040
1850421881
40220523
7782729652
9327178314
2482817075
3639024980
4107884203
6853242318
10498197763
486487191
3944409745
8044745515
4348311155
3178671427
1956115780
1850838881
3944433203
4721559848
5625773610
8051584689
5819442989
1851554226
4805371907
4805371907_1
486486823
59041393
2277350882
486487809
6886324094
4574103766
141676774
5258182991
8363957247
5834654687
2483597646
4598256659
5454973641
296734012
4472159392
108586683
2744426511
5497980908
4402907532
7728435700
3732888152
6031023157
5539659661
8020727307
2392835042
135403418
3834640843
4760680542
486485057
7754467812
3207183887
4476080461
3274153589
5454974895
4056769011
5951279654
3207176655
6705243765
4707151559
4168840262
6669385265
6705163319
7294702600
3471791988
8190310540
4721559334
3099718398
2706099761
486486289
903801204
2483644362
2165733023
3422896185
218442851
6031579662
9285935380
8190310040
11702793714
5625194905
70503633
9257474102
7259489050
5989441049
3297727311
11367841723
5327200789
10497699144
3835435622
8326528622
3834666595
3885728081
10498053933
821428749
6250104087
4040194494
7708306700
416544721
5898170771
8664734855
5454988509
12393320174
5134644088
8326529498
1851515838
5134058047
4288648884
5625754642
3536116282
476522037
308613046
471159319
296738580
878234910
296740225
5327804248
1851633042
5134039337
2461838546
6494673379
296738576
290352449
1428412035
1880070931
5625741248
3830532848
3830535342
4455558382
6971258817
476522149
5058427508
2829538812
5542846707
7796638100
1428403377
4637524520
5287120473
4012849691
3516859062
6492330635
5327200249
4989365306
3944435885
7201347740
7225654296
4107881817
3688095294
3829738763
3162081566
5497986160
3985829810
4598845104
12394813545
6669392599
3834663499
10125352554
5327199565
2258177045
1763665829
2419784
40220515
4016840355
7259499424
5633677437
7225650442
4574104082
4805998074
4805998074_1
218443475
84458398
11285844
1429287934
6743328533
3676039021
4382420643
4107887033
5500624097
471139704
486486707
7225670084
9857652416
5965598001
2696970268
1850761519
903801192
7032421503
5062400094
103568430
903801176
288817420
6896204402
5061776617
5455974961
8020721629
2974641394
486456458
3710370971
5111080962
3830535182
1429280642
5110192818
4040194502
2412555618
5051515825
4402929890
285688613
6669388585
4076508626
4569995457
8326527544
2531902786
3171494112
2906578189
6375741663
471158657
5207619966
4026690998
4025936643
4438568385
5061791373
3944415507
5543421034
3400934744
7191707200
5377710001
3886525796
10754066633
347369751
4216527527
1429294428
8989887343
5500625391
5966004680
8933608673
2811278670
5127732901
4026694764
8325469161
11367820773
8326529064
3161248705
3770028511
6754859387
5527872343
822305240
4881502983
3985873730
3834643787
3886471948
5377710363
486486203
296738583
7796643528
9205893280
8383350983
6279907527
10452363613
5543485176
3274973326
4075754559
4519468214
4760073205
6099517784
7042311519
822309520
243220980
5377710683
3102751358
3172446287
3732909164
4952940070
3630189388
11285738
2629831173
3676830461
288817385
5207030867
9857658116
12394929383
3274152973
9548317540
5820004252
3985098227
6669387549
8326528174
2419794
2921951447
5542884563
539961584
6044975521
5207618276
486455928
6669394827
5110456339
5543455392
5134662696
3711187764
3710376347
4760673700
4076509470
6669389539
4107891155
285685885
902931237
296740233
7225658834
1712659557
9186319976
6163356947
3687292105
5061782873
8991997243
7284060516
3985087547
1764523648
1698917908
5061779633
3388813749
4025940717
2419799
5138256361
5542853195
1851342008
486483191
4263281867
4854719231
7193398586
4745842759
2166538070
4026698104
4711345411
8326529290
7225653660
4678812482
2313001011
2166640208
6971269095
4108654984
4881426131
6669393537
4108653560
2830852009
7949049474
480419960
4166172947
1807316072
7949101452
7949207892
487613500
7949014264
7948900922
4881494463
7536840750
3676833557
4881495417
7225663952
4026692112
6864742632
1709429962
9205897206
3208070938
4476855160
8619074856
4076508876
3568400411
8989902981
12394687285
8717211785
84458531
84458500
5543423000
2830930075
3830534494
5542895477
5582121742
2973809637
7193223824
4746366668
8372909199
8718331282
416544501
1850833667
4039417327
6158794323
6193265393
11285970
11367687715
9203111957
11467896214
288817416
288817407
8373991722
7225651760
10497803483
10497577256
5258178285
486482979
27483924
486453704
4076509824
1850556281
5138240457
3297701675
9545507983
5528464336
8326526816
6017338383
7572895076
8325470805
27483907
4264025324
4107885699
103568891
8717206597
3687292619
5128345548
2976220
243218074
4778522253
8331888438
3207232931
2976189
7225656268
27483952
4166168979
7948795526
10195707104
242641135
2831712528
4166176889
3274154055
5250031697
7948839448
4074848725
4166940418
8718331592
4040194518
7225660196
3710486377
1850401943
7948871370
222126959
3274975038
243221345
4132502983
11437345055
1850703607
5542871699
9633835821
27483771
8325469703
4405329102
416554672
471139781
4357819418
6158543528
3732129443
7948888948
4075755931
7042267503
8298394302
3388816703
3388817009
2509627375
5528465620
4881459899
4619788825
285683956
4619787693
2367257762
3710382699
3732922440
8040025822
2903479300
243222498
3388816651
3389628258
11703565136
1306850114
4075754675
11285923
9203115019
3779304642
243216999
4076509600
4684082900
487289139
6970820504
10497766153
3568588428
4075754797
9205897640
8326526524
5543471390
3434847955
4882069104
4745838465
5229235771
5229820728
2177843201
8326527310
3829736657
2730271392
10497718194
4881460225
2579660906
6417793045
243217057
2579660742
272681965
487291995
6417790281
4760099615
8325471785
3422943551
902931121
4745834327
4881495115
4881460063
4760065957
4277654784
####
Label fort
4501766904
3298433827
4027646409
1806444675
5001745154
3299102656
4438562165
8974608162
8877216049
3951834477
9162227202
8671091746
2478874181
3718485998
2598705467
2201679053
2599535370
8228431672
6374585223
2778342839
10045378096
132872354
9290463533
9293222286
3259867328
9263050577
4296665684
5350122803
9293215044
4459178080
4979732232
4054063642
6045505368
9159992325
9265835016
11732863965
8877217453
4455433635
4316759251
7381927534
2529912059
5758921508
681223248
543179841
31829745
3255539607
3769392241
8654383558
9293179792
9293227686
88493754
6151581182
3118036539
3493366538
6151593886
5379788598
9265839208
5865973377
2872340457
3307567251
3456990257
2262897838
2620834398
4479257570
3821455475
5636855594
3294891998
447191477
4288647764
6158674487
9290473707
218442543
1806437297
9263060779
2433679204
3293128036
5758872516
6158664041
7948664278
2698922918
8047179310
8877205941
4459177970
5187688318
5502970794
4988731805
2706918582
5962387175
2599106838
5269512796
2873162268
2465223599
9293203524
2486787268
4106629436
282297251
9293207026
5502380625
8839299322
11733012966
2976144
2129443949
5452759540
6494713897
5187098973
3456991217
2201687285
2433675744
5758912270
2872331799
9265771882
2356264285
2676126953
2142285729
1807288870
4685633294
4760829367
8004818828
5268904045
2730527690
2825137258
5566463504
5502384777
9263073009
3259036071
4459176664
4771813577
2485968757
4458401195
5269511806
8112078862
2310970540
3796287545
8877218909
7441611662
4287906793
8513655611
5187688058
11751039725
11751044075
4478631503
5350736476
5554065539
1811502245
8877807358
4633642584
70503386
9293211842
501786641
7979807123
9293191212
5096314303
8155196702
185127832
5268904225
5170041546
3456993315
5734659764
7381824992
6159240676
3805376786
4288647036
2829538232
3769398061
3770210866
3769414581
3769399435
9337152291
8047221324
2850330306
2681337007
3821655525
3769138653
6910962599
8155198192
2682134074
2433677360
2391990493
3996164462
3897478187
4441656468
9282566668
2696342518
3161264431
3843307163
6886314022
2686728102
10719831656
3677642648
5715452149
5236687054
3268957790
2598690365
1812346600
3100190139
2132545386
4105862885
2486785846
2486786290
7473823296
4106630562
9293189132
5187688136
5454241513
4912099789
9290476889
3413998658
4636247391
6494684929
3239788122
7698242
4684246156
10423191424
5801467175
2681345869
6339770591
5669721997
2165879901
1675789874
4194782836
5269511496
9282545690
3492551277
10658342883
5236658882
2681345865
5975733919
3393037264
2314720094
2598709673
5602248226
8525061998
5601664567
4441652870
3892794411
3299113566
5502974018
3433119864
3457809046
6494684361
2450216244
2698921774
5758923594
9265776726
3379491345
9027414519
3299113152
7621483744
4531527508
4532153496
2598275817
4791687247
2486787510
6602680623
5350124151
3692589214
5773015036
9290448311
5670288938
2599110112
6491468795
2697956755
3952588018
8047223406
8419938111
4501150865
1944634552
6492376689
9265852120
8155206766
626427043
9265752334
4459176836
3732075215
3379490419
2433675496
11751023475
6279979662
3580294479
4501768222
336291787
10796281115
7116897329
10260620564
11733289864
6866650616
5268902791
4745825323
9265833236
8839266480
6494694223
5187688576
5998981575
3295824960
8047217441
8002084261
5408453349
6494688491
4402903800
2698918792
2698919922
6624622199
5394098311
3313230114
4121303790
2313913101
6798572025
8004818726
5776755867
3397462655
3435262790
9857533935
7190120126
5999518796
2850330452
5497962124
3197206887
6248175984
5269513024
7708308116
5777298390
3769128287
5502377039
3771568410
218442599
2771191157
2298245598
7970026090
2524762934
3531576730
347111281
8557265820
8933604059
10428093793
8271221531
3676878611
2614375716
457715096
2829752767
471882301
5734110465
88494711
88494321
5950693927
3457810590
7979791238
4288649304
6754834695
2530700122
7698222
4287904985
2920018703
7284034050
195133578
2486817094
5096874748
4264134948
471882305
2298245122
2690021373
5059340137
4598255209
7814794598
501731164
222138785
10795262023
7381815678
4106628128
88494209
5670292258
2690015153
8581051207
3230063477
7381897318
5670296210
4106628270
4636860280
9838945473
36031964
9069976672
3893583794
10796199376
8654373732
4909428001
6248176432
10633226065
6947680687
8556154803
2698098633
5670291784
2457746116
5992432566
8219342345
2682134070
8156420212
3118039171
290356784
8992698766
455623079
416345707
5175913491
1427400906
185127156
5604423185
8654391386
5502375353
7979796403
8688489893
2681337017
9262997415
4711356203
9838948093
5269513328
3337175001
1593577773
1674817147
2314715700
5637183904
7754474506
3822497356
509939988
3299260714
2392820298
5542402213
416354018
2356263285
290351948
3581135722
7473339568
288051306
2599123036
7959545774
461597998
7191423430
3769926194
5569373536
1812346070
9367591428
318614474
10428180233
9693996533
2477058053
7473817902
6691761453
3821656975
2366407579
3769149129
5951264886
3456993895
3114732891
4106629618
903790604
8302530592
7867545190
5138854992
5091231717
2433680752
2598292317
5455596748
4005254266
932902011
4458397575
8821027922
2924458921
4746428890
8047222928
8045928630
2698097007
8047221032
2614372366
4707179983
633466358
4501762660
3883509580
2902651005
11446206564
9003264913
3456989705
8330799711
9069964412
4441656078
8126225799
8263963365
471121914
3863676858
5683051653
3118870690
6491459625
2392006703
6691919207
2482789731
3353122928
8266337299
5236087833
11703108464
11733591956
347112290
7179795872
8045916257
4317482112
8027033562
7756471780
4500254889
487275790
59041129
2433676300
9420634137
8220420502
6911118857
6896217282
4106630092
5950736297
9506873544
9633843707
4458397675
6254346601
1427900533
3560383506
3834636971
2873159696
3238096212
70503492
6801572390
5999532820
5143871189
5187687918
7473833772
5394235281
8558988832
158850431
7698254
2682966081
4738035332
5170040376
2778343217
2188644187
70503523
4765208242
2779716348
5024973996
7116896577
70503564
3863669406
4106628892
6799483464
1799241762
504119953
2202470452
3308441962
7770632698
4050391020
3434794279
7770596078
3298285443
8561288412
1594488068
5207630438
5270756929
3193681281
8492075597
348579551
2476294126
12473400545
4678737106
3903127652
6459896823
2620004935
3457810994
8438064102
6158816565
4685637434
5394107561
2486786062
3951789739
2690208605
8452074061
6158694333
8653288843
5170041286
4194071651
4720907573
5962862982
820603106
9554397299
4268082663
8877203469
4268081991
3664958429
9004173270
3568140825
3486757968
10796250165
5350735036
8493307976
3668229904
5559133780
7195577516
3951504485
4078726116
1593640601
6602682907
2213093218
96838970
4027641657
96837831
3794894685
2620009299
5554064683
5773527861
7931080032
4771816933
3985823224
608313727
8839321734
8004818628
4824898368
6932954160
4012849041
6602678237
8838743915
7037637371
11751728964
8002086484
5502387977
10041290516
2612111118
6739502517
4830650731
4382798484
2824302459
3677693352
9262980689
2201690867
10452213445
3764980144
6031023591
4264133268
1039576012
7381729876
5440914078
4721557946
481407168
5144463646
10633216604
6491467273
11733052316
5269513586
5951203404
5419267708
5338890009
4050390564
3456991395
4236720636
6494696673
88493858
8664737051
6491461471
3198048964
6891540298
11516315035
2850329796
3043544536
4772454398
6248193324
8004818924
453107235
112242497
7191430992
2732237239
2479738318
2676127513
278544757
2298244566
3184882031
4105863265
2831778296
2849498731
5217784116
5962382547
8482129940
3769922282
99211351
8137624014
1808089009
4760828391
6479931561
8768527097
7708308862
7284055674
9844211954
4459175892
3761151888
9364856115
2219523233
8116493817
8768539223
3398354030
501744912
12496722755
7978950805
1806449883
7931053644
5776754665
2682967547
2613546193
290360091
3794899663
2828701829
2771193237
3825152325
4263380285
2549546418
176088623
158866424
8228426468
4771817899
5268900519
2849498245
11732230455
9367758822
4501142371
5229794430
2166655500
5569321452
193788811
5187687664
7770583962
7011359121
6910897237
4021813422
8557862523
8581051105
176086917
1831927179
2486822226
7354538864
8492167659
2695874003
4684074762
2690031153
31802280
9067745863
8155222822
7473828404
3200932110
8248245890
8755387494
7054351639
3397107719
2530723970
5143878417
3688100320
3492549941
2685907715
3193676809
9423415856
1490268307
9538774254
135114844
820567200
2614112752
5061770993
7568484956
193791308
336290760
88493630
2479739062
1594509232
2633493377
3398261716
135115675
5758375405
193788469
3944717189
5096911126
1675673802
5290299717
2349256820
243223344
7191690694
8557264584
8556155103
4772076337
4769080240
2681336999
8664737311
2849497777
7473349148
2392835410
3393038960
1674810741
4050390886
2784053119
8768546535
8664737277
3770755143
7770591610
4702099004
318615210
7959562516
5559130836
8301490949
6491462245
3413132721
7468170452
5999524850
10658246995
7799190456
222210641
4644064553
5962943290
318616691
7189767826
3718482162
4650156771
6151655764
8482122842
8560166315
453107383
8302531376
5992435138
2213953177
2914167342
6896216106
7867357776
8877220281
3862839903
2253322020
7511109552
7286671490
285689770
2311441991
2599517698
2907069437
608551732
2350206473
7985003756
7037637227
5096294117
2166654104
3434911449
12045021564
5962311985
8524432176
2783321037
2988769926
2683806696
9372973814
5269719795
2696317926
5554650428
10661400056
542075748
2366439529
1811503757
4881426911
158866615
2183319977
141676823
8155178515
7294754056
7931068000
8265457585
4760966330
3309785881
5138246823
7193009490
2902582615
7867390202
3568387187
3102381947
3569205874
84469870
9535909325
135115501
416352213
9504113415
1427361820
285689135
7698257
6947680571
9423422278
7770588684
8752005833
12394879335
31921946
2058811887
7756472964
3101027112
12497234034
5262805006
2614359260
4772449560
5440913032
7770597426
4257660145
6420090365
4104107996
135115202
278547706
3413929056
3443002977
8155220516
9423398520
6925748381
3657298650
12497291294
11702190835
4707179963
9423397566
2447456907
6891542100
6691770763
4216543999
6624594987
8754334063
5170039958
4574103872
1675788826
3145645062
2202466998
3145638910
3469486063
2784176470
3822262796
10660062233
1426506491
8838667969
7284042448
7191769184
5230231168
476518583
3834625773
5605009338
4500912784
7037629487
2614110022
2736291534
301664031
10658289816
4472189916
3184875263
8653272913
3434622443
8047212151
5096313609
1491109264
6691921147
10498353623
6970821004
2599308690
2542064007
5062938405
3230913812
3677692912
8582152100
5440309453
2344153405
8717210517
8220421212
369447268
10659977343
9570085070
6151656160
4012850063
5835243068
3884844845
9263078701
2778909422
4050390666
5229788340
4764582109
4764581227
5062937495
8557266302
3170787943
3213610937
5052122246
2460991973
2463774021
6492373237
2392001617
8653306711
3770735523
296040325
8810440157
1674815731
2599306614
8810437275
2399262243
4644065107
2212300301
5758321267
680290015
6911164987
1426492965
7817009124
38397358
4501140729
5777307730
7721568510
1695595226
5143874639
9555654399
2524735294
5135428564
6492323329
447254085
10452429093
8773336198
872138825
8665837730
4012849131
3567985611
6318555208
2602690034
3493362646
5950655857
4027647005
4760025011
4105861783
3717673599
10660691633
4760829137
2899117016
2691021202
8020756310
10686686044
9175139134
50729167
6491463861
4104110954
8155184983
4288613239
50742900
296032600
5542406929
6262100823
4501149417
3407591603
4050390500
3581102242
7116897827
6691921481
7191340074
945294245
2202467548
2697958859
4439026950
627293626
509939994
4882036306
9423407180
223913777
3118035379
5143884079
2598708251
453089632
6705226949
7294651912
2686709276
3976561568
453107137
200239613
2523908185
5258179399
533818818
8155205218
8219343527
6491460601
5758373707
5976286732
3935226068
11401005065
4382797890
11751246553
2676130413
9364960351
9538710516
8302546500
176088141
5554064813
8755425458
5999531210
10633240256
480418904
5758796664
3039742328
5270759359
4574103934
4500886454
6669391935
4459180662
11932547526
5394728194
3161250951
6254345717
2951102363
9067738157
4050389654
4050389952
946152386
3691776525
2903521994
4846893179
193790888
3098866733
3493364756
2849498069
3980922146
9285925416
4104106640
2633421419
11702609283
471140386
7708308322
3980930572
2837147288
5502380097
52051662
480432781
3433128840
7568489686
7014634471
5057320116
6492379519
4441655880
8581050831
7468167088
9567241713
9364836621
2549558326
5593396850
9535935853
4288645128
6494669993
2220313474
9546732080
6254920002
11751433254
8557881025
8383350775
1675787466
5758925432
8047219317
5290827378
480420496
2344153281
4288646080
348579546
7906709924
471121004
282304862
3764980292
8492197487
10428041154
3769106675
2453301127
5542986770
5169443129
5636314461
5568738301
5129198945
2115455536
544696551
8639532518
7796611978
3185723606
3717669919
8415565267
4439340094
1717395294
9069963392
282328625
1811502361
3291755114
5984516769
8654402912
487253534
4288645610
5551057040
2698106073
8186830697
112244853
8045921381
8821028134
3397551299
10427928396
8045921887
7195561558
5637179330
8220413134
5985080896
9857662016
2676945414
6594604575
10659840134
5715363318
4771812127
626422679
307617931
5392682851
8558989306
1426527283
6891541374
2951061755
2351838951
7473343860
5394091593
4004620403
7770578464
3238944669
6891541568
7931033728
3755043132
3980928580
5170038692
6825563755
8557266548
6931847832
6932951300
3019555725
9420661179
347111502
4707775918
7259485350
6274408823
4792290086
5440912328
2412488564
158867236
8999745213
7037633887
8137623674
96841629
562314127
3294903108
1763673039
3805261350
4515411642
5998975793
2542064665
2363349001
9364829033
2676127989
7959560158
8725883532
8219345625
7191368356
5542406583
7855909930
2314716412
8044742687
5236664668
7568471004
946553486
9857738994
1491113882
5143863609
5884122323
2216540933
5300824199
3457810042
1427375124
3762679143
3413122673
4251521178
11401200993
2873157332
2298252544
3185726020
1442822407
1642761792
2730473700
4498877138
2772038328
8155173557
8581050753
5677129582
318616047
3753299310
2836674932
10659426465
5991877113
2115456364
2599114404
453106963
4438252285
9857704455
8027044882
2486051251
10660106983
3398303642
23059365
1250317555
1250315709
2633432523
288044415
2219523735
296041301
103573701
88494800
5394682068
8991938569
3570671126
4733442349
5038156875
5096280907
3908173658
369445762
5962378219
6393467375
6880115593
7116897631
5311984129
5872020703
3877349119
4438563559
4308661997
318614132
4685641418
3200056257
6947680077
5568769795
8247193673
3294094001
4295953433
7468144868
6691758473
6947680431
6932998764
8755383884
1832538318
167199979
2423863366
5962926542
318615485
4882031282
5099670993
416352200
4501765022
8302544538
5187089159
10659456165
7037631309
9844222264
4257659425
2313903839
7423569506
4919012305
6084535990
1693646001
2450161544
3900060466
4441652936
501796631
1185030120
2166638306
3885632236
4650828018
6223862541
9533699830
3900060618
99211695
6739484983
3952607184
6479941871
4871464946
8051589827
8665837752
5527860673
4106629912
2599310734
2433675946
88493811
2423864888
6151108479
2729490129
4644683392
2850329510
4598224965
99211827
5568753869
4425466928
8365018368
302435189
7116896455
6908787505
11401095044
4424697607
3739365059
347112583
4316746457
8642247809
6083989689
2951910186
11367884653
477367927
4012848937
9857741145
2213925341
4425470286
5653025092
2298256116
5083480634
8524286150
2733069084
4005717530
2486869688
6274407641
3185723928
4685000051
3412640408
2972884821
4684078516
4424710395
3398324266
2219519157
31800148
2463791517
2523921999
3582022234
471850273
251982623
8027042270
6624571617
2620013573
543179799
3569202366
218442505
2685907307
820570356
2697060262
7344780914
4988737127
2114667495
176088060
4685642932
5338892243
5363377140
6801572484
8155015011
5755073467
3830392970
4846888849
3568956904
7284040528
3118873464
2830587346
10660483606
3393035860
6916944785
3769402409
5635243374
9420660041
3213771883
2772036020
4004643769
3862885865
70503668
4685000423
6779631882
2730470544
2392826064
3435446916
3470954391
2849497989
462896945
2987911441
5834738509
103574519
5109590703
6262107581
8140825662
4263277693
6947681083
336303595
8020737489
3710731224
3294079777
3184881083
2298246736
501746749
7189671892
138909924
3392225125
9857695785
5128353898
9844193504
6262631762
3825161603
2634254018
8653303931
2411552913
5096911950
2463793937
9568122402
3885665281
3178668469
4685007819
3410032345
2634252594
4849519998
4707775922
6947680829
7344780180
8665837604
457718082
2729663827
3769113313
6915332073
3118040593
1490265543
4684071566
3020386076
2184089934
4004949705
5618322370
9339919890
243223453
1464161634
4438562503
3893218482
4104104324
3834628843
2903526246
5966004674
7473784730
4805386049
2463787037
9420640985
2366418145
10405932235
10041384303
3020386296
10452246926
11401010844
457722692
103561230
8557857521
5501223774
3692592608
7906710108
3769911112
38396135
7969160832
3179505860
2220309998
4899568237
5715960076
2365850314
8220414854
2486812496
3900059744
5542407583
2775772349
3416580960
4989336690
480420136
4005242376
2219521021
7037631873
4317425172
9506816864
8384434722
3185715876
2695689161
5568778045
318617097
6279975618
6179114396
6084535020
9016320678
5290225999
3306546275
9838958763
10660075083
9067744841
3443811134
7979801351
7959553302
5394740646
10659610274
1695594256
193789678
4423591761
5527856931
5269720571
6705245497
8027049091
1944634590
2114676403
4500284439
7545563186
5282366360
6669384621
2925208666
8155210366
2219515207
6880115857
8372943371
38399148
820107161
3492543897
12283189364
6828756695
4317472438
7770580134
218441624
5593397926
2682970641
2908480738
7462124956
946619662
2356281548
70503722
4316736733
3161267785
7116897741
3472230091
298036660
8684204191
5568735605
3600714270
8266333697
10041229826
2784052177
5340248760
9423410798
185127930
4479258406
38389924
2998911107
2530728110
6911003027
6279982412
8027043676
2972869611
7421929486
6700321899
4647546444
2532657933
540057601
5683037151
3794909783
4745749035
8363963955
348579541
7468162164
3940591306
12045478526
9694026479
8810436711
8688502535
9423395702
3632560595
88494449
8384431086
7959548330
4500281027
6158689283
3740006657
4791735809
4650183745
5511266188
3255623987
4296697498
5099625465
9364823227
8190317898
138909372
4764577911
2391991895
512080155
4268825250
24333450
8693891765
10659584605
9186318896
9420625927
7193434624
2392010919
158849802
158849998
3070534991
4500925666
112244038
3980165849
6479939945
6479985501
4882029298
5542401407
6739488965
2411676021
8220419576
4263279545
2212302177
5527865507
5250102031
5984516153
4881423519
260611919
3769384363
2972887303
7014702437
8755397068
6739491561
3951800783
3952579860
4573468987
3580293337
4424707439
7796614794
2313902629
8688472757
3677694004
4854720307
8768516369
2464598498
4989332512
3100192297
9016330414
10428164733
4050389806
1684589201
8297435663
5169439747
2463754369
8027052874
2220312166
5012620118
8695014192
7959565666
4531625489
4960711316
4057508622
6739484063
5975725783
5984541482
5554066051
5062939109
2419777
5976289312
5984534228
5100256572
3980168507
10045737995
5312566166
8558986902
5554650356
12542194
298037362
298036269
2155426433
4707775920
3413194079
1148678179
5100277306
6178587701
2772039126
9250905871
369448297
6092892474
5758370319
5758916622
9555665573
378899722
8653300067
6151655626
4263381473
3259033655
167199643
7434976748
5022944133
3492543387
6911130395
2463764943
2056098764
480419820
2532526207
3853243966
2682134060
6151656284
3247826633
4104101152
6256799042
7189732106
5135329324
9538786930
5214135368
512080161
2634283010
4439026192
5099651367
6179135732
3162100804
5144470020
5611681967
3770718872
4683693853
1428614380
8524290820
2620008187
2825137090
2892440427
4027644415
3410872336
243220569
4960126389
3036035670
2610057761
8556157009
2706918902
2682134056
6193253161
8755441444
10045898593
5135430060
2824813143
3966587496
4501760852
8051601508
8557891475
9423406178
4027655541
7748966124
3668283098
2479686758
3980170413
176087779
487258854
2690111475
10794341375
7770594962
11751467524
2549597842
7774626850
872988816
2685911327
2849498351
394174579
7774768304
8247174835
3581099408
141676685
8266301691
4528159154
5951675164
2313909335
3821453739
9333818080
4793714649
7708307496
945319185
2615604743
8104366206
5569353718
7568463658
405023985
2463789333
2214646871
6494711785
3439828449
8684212773
4528155676
2902685959
1427356636
3416539692
4881426535
9067746215
4922244491
5497969214
4824282401
8617967439
355399445
3885662543
3581134014
5950741397
11285271
8523165211
2898278335
9620897724
2533476776
8263978315
10920918066
5737713848
2392005615
7847017438
1617315903
9555642369
9620901280
4049644769
5290225123
4050389546
4792323134
4882030814
4049643997
40221751
872985950
38385288
103571386
3433122096
3185723398
2351628249
8267403622
608566846
5547438701
4514773719
2351815411
193791736
2961702363
3794908039
8416673870
6624618545
5652464583
4472434082
8558975538
7189294274
3492547439
5989440877
3677655946
7621482824
3859608467
4103350797
328997207
2698922556
6739501411
4650951362
8523169277
4737915233
9535948987
9838954383
8297104113
9620901074
4765202794
1427731029
4983055224
8754279689
3980167079
7708308512
8773280344
112244446
8155188753
40221721
8140793741
5909022967
5497974242
10660546806
5498277400
3775516933
285689616
7181455243
2747941419
3886456298
298037756
10633459373
4501138433
9637076308
8266176663
7181455723
4105862127
3691825461
5236672840
2523921613
4805375885
872143695
2220312874
3230062853
348579535
3144821887
4573468857
2356257081
3568580402
5454163697
8581050477
2903530486
176087870
1523263873
4166180925
1185018782
4296700092
457721934
4791784389
4104103096
4822526915
2463748497
4002501619
8027063770
1434412981
4317497880
7159572863
1490273857
4049644885
3198731514
7284044240
5290826488
9504029461
8877200925
3885640148
8384432220
4528181226
2313910111
7189681078
3215991839
8266180779
336299144
10660045233
259719624
52052591
5164486340
5056736599
9558757600
5285625445
5637317620
5998982367
7959543024
4528643888
2598486281
5550458351
6393468353
9844520683
8363959407
7008052793
2479739604
6492339963
5688012049
2698926334
8045930304
5631279819
8045925810
9838838294
9524726579
8297428311
6393466943
3649940147
3019561247
608555652
4760827501
4791749541
9570078036
6915332873
5098166243
1429326778
2155435775
4707179969
3580290951
4225595785
2780638617
193792167
3179502664
2893265162
5038779088
5962940222
5497372167
6705167201
4308770173
5251534830
4316681859
4528166814
3170653823
2690004771
3162095060
6232867321
5229813036
5169437163
3722582278
2356141678
2881963256
6151108623
2524759686
4846887335
8768541971
534636361
8045916765
3885661491
1832545692
2616426152
6866667448
11751130873
7568503350
6254874888
5962309865
5096278947
11865559784
7284038302
7996639475
46428204
2951841806
5134828079
3118872018
481415219
4650844346
2234610680
8415571739
626387657
2131413503
6231951817
5096314397
4313371366
5498283136
7847027582
3718483390
8933603607
7708309574
2492113392
5991877349
5554065737
289642843
5096285773
2732224763
2730391894
5144479708
5633814709
2313905107
64196584
4527723097
9857729596
4086056583
135048785
6248193828
3581102998
138908177
4847508172
7189845902
4312636941
8993141420
8265049954
8372935057
2486786508
4313369118
8582151772
7259492194
369448727
5200000437
5625167345
2492112736
2613272151
2690160919
2765054479
6886315482
223803831
2058917075
2999751672
4441651944
2814999674
9617659901
2183311503
10530998866
471121204
2778834633
8773346090
5269511646
2313904509
5073935679
4317474802
4737782855
4791792711
8685319514
5618324404
7259493268
296026446
4707179957
3171484234
5187088803
54427339
8838729545
7979783298
2479688606
4738416450
564171359
461817428
4707839004
223803380
2877997361
2902585749
3934445785
4640696042
6891536334
5417372727
5057822901
3434361581
6279452697
4318799700
2464615440
9633861845
193792888
3179508884
8190315990
2356355806
6460234631
5625768712
2849497539
5187088529
4804572913
8581050273
2778867583
9567267417
1491119166
1491116284
158850235
2849497641
5962374839
2461839250
11429070336
8331858266
138908525
3692557936
946558196
4633044841
5975724871
8027054454
4711355963
8561274812
38391649
2357618602
99211868
8104370382
5497964096
3769378067
5285625077
2114667185
5987181708
1428779394
5338890213
5362765655
4427669570
3692619372
1490276087
2457745660
1491141582
8755451638
4426896357
9524730919
4882028904
10659964794
4855362442
8642245515
3568155965
3762699767
10452862095
6945497214
3769976991
7159573297
8978419236
285689351
4441653048
5012626500
9637083034
6223889433
6183093216
199555553
5256492464
5625771160
7770591064
8051599470
4646924937
3294091857
5285625961
4806006054
8051602822
112244447
103569702
5783150300
3976302614
2681568311
3397500309
8815055184
1426473017
112243575
11497536
6624630103
8642245897
2620005857
4849524912
5865970925
4120530597
24333537
5100230736
7344780326
9282586236
2689927019
5835284644
416345703
2729652741
1593638721
2729310629
3170784389
2599119168
2183306153
7959540724
5542405595
2261541185
8228431368
2998912711
31732960
5096278363
9337830887
5642396911
31737040
681114448
2155423363
5073934301
6279464277
9337128659
289611395
5052651566
2486786800
4528010413
2776625212
4016650654
5290887022
6151087439
5550442083
6460230437
2829754583
4049644957
2614355710
3170653137
84441153
2367293672
10498114484
9857700925
5170042850
296662143
2961653657
9620896664
38388916
2634252000
6479935103
626407669
3170660905
9339935222
3764183351
9633836943
2828702301
7366682518
4472413588
416352193
9529796512
3769118443
5315469321
2523944107
5099679869
2633428697
4702121243
11232384465
4824903132
5290298993
3456991825
4501152483
3760335435
8247199327
4791772681
1850437547
52052805
7796609008
8383346711
6669394175
5987191980
4531677203
3103007040
4647546930
2903524322
6193262281
9339917084
3769914248
10686637655
3852429547
461602133
9282567320
2732239407
12497320934
10660461066
2183292799
6254390703
2778861397
7259497062
2419803
5501212372
5011625981
84532530
6045512648
5950671491
2706917798
5250705062
2212304635
2524738124
1831719961
8671077420
4527531321
8524288580
4049645675
8051591272
487283735
5998990995
5962924078
2253323890
10567356683
3951806833
7959550662
199555651
3568617568
4805378823
4805378823_1
471140587
6248177408
9617660115
8725883340
4027619725
3638251767
2356247780
135116398
40221740
2277357422
4439035736
3691842633
6912342821
59041114
3975541205
9838952953
5991876581
4647554316
2620832738
6393476483
3415768375
9556030917
3185714822
4005237996
2411640183
3810086228
3825200937
1594456014
3770217950
2464599776
3393443276
38386804
6460233431
2517318209
5820002718
6669395371
6911141373
3185725074
4531616981
7434957772
2433675624
2220312598
2357088640
112244042
8027047673
2987910083
7568496402
4889216723
5214154140
3101030298
4231361586
3567700775
5500622679
2850161554
9364970339
9282550652
3687286761
9282579316
4016947621
4004481791
3779858283
5268904525
4005718500
7193299138
8051583006
4423585993
8027050465
8266304841
564157851
11285208
3793501173
2908373128
5986622045
2356319876
2461005897
2690965424
3107221768
5976285938
6226110353
2771194339
4120530463
2690953116
4201106385
2523949851
3600714776
3162088564
5056614025
4764567753
11429040214
3308185446
10497546425
2412397896
9570081662
9363910295
2460992107
3668233676
2902584245
7783926064
3099698932
307617886
513594929
5099658661
2681337025
4646920935
9558142764
382180583
4196545078
4831261338
3145659140
1594470000
330089856
5290829838
5551039522
5082881231
4633045671
8524269108
8634838736
4848910083
2355333615
9069968528
7294720358
2523932903
7692504868
2220310654
5286222758
6247666671
2183317649
5109420685
6828766357
4532292088
4573468447
9364897817
9029676120
38398055
7195597596
5683046217
3779301158
3493370342
2411563411
2703127043
8267235708
4960117011
2578089040
12394503023
3769396501
2258160457
3170652501
3200096481
5927507581
4106630422
11494195405
39767184
3036040244
5951182393
6828141596
5898733584
4424354946
3184871233
5083477916
3917725408
2828701151
11751052205
3030190126
8051576761
135426732
6955807024
7116897881
2205033827
2987909677
5528463742
7305206072
8425694581
2598688979
8432810306
8558976032
2518094240
5642397251
3764183447
2878832464
5134618198
453088898
7305207350
4771817295
2262110969
4450560163
4805997452
4805997452_1
7748954478
8222473671
2967134339
6880119369
3568564146
2850330508
3570653642
5652448759
6494678493
8558978104
626423947
3778484761
318616209
4027628555
2477062839
4573468731
1491134412
3599904413
4402266760
2482786763
8482141718
5290826802
3770988666
6739494085
6224403728
8108861827
7545563574
2486816798
9029666834
6880111823
8593746731
7381945686
3434358453
1675777022
3396193652
1491136894
7195592888
52052657
1674805035
2681345863
23059414
4989359664
88494850
7946872296
1720254795
3145656440
3035203913
6393469081
308612973
4312634071
2198568402
4267806859
2262327944
5172184052
6492367617
285686822
10796422683
5143874031
2517655296
4881425491
223803289
2777095216
12393141465
2972886817
8933609163
6933001888
10427997426
5542981212
5497378599
7191700558
4028383788
336301199
3171489052
3898269458
84522771
3899277945
1465972308
4090707851
10041267194
2252520847
141676584
5180513666
4286196741
59041104
481414417
4219797403
4678489817
3118047559
199555622
2706097051
8051597472
290346269
3170659495
9690528714
487293857
5715459675
7959557782
7102031927
9250902835
3170777731
2706100063
4702756294
6908262278
4574103166
3486785310
7708307258
10686877993
5200253528
223803444
5052130156
8581050367
1764482158
2872339127
4383183440
4427653046
4734076758
1490283217
10795242033
5187088383
223803205
40217553
5099634667
5542980138
2516194346
6943820680
8773283324
2951950136
218441561
40221707
6445111245
9687286391
7089883505
2464582312
318616892
2598278457
2262891548
5178440804
99211516
223803485
2276565433
2614369444
134079894
50729151
4707151551
4882031876
7201337188
6193771892
5554649466
2178785292
3835444284
5230231770
6917829585
2633417607
2356259091
1490271201
3312415455
5134015125
4426886553
10754359856
2976179619
3779308462
4988734979
822304520
2967134503
4574103220
282317537
6828724543
3171611896
6280510878
3493368992
6460226643
4028376822
6045501062
1979433292
46262143
5083478858
2183308589
4500899156
4960727764
4646924081
8266539620
32118529
3799085111
4086059767
8434377050
3294093039
8266340301
5199669679
9282584782
5636821257
4268085715
8247182899
8051591319
5083481624
3285844504
4989347570
2806871738
6492331921
2355385499
5338892397
2776237149
2633418313
4806007504
4806007504_1
185127710
5962384311
2629854379
5992432092
4004310229
2733053522
8051588620
290349674
176086987
3975540357
5642967706
534636363
4459177806
4694931060
3170658801
7931021112
4854733283
3638276555
4501770658
9554758187
7814649204
4983144006
3098876333
4027657471
3825156933
5625749044
5636639517
4028372658
4806008340
4573469157
3761037494
4806013012
5378309608
302435170
596702046
50729266
5012629886
9633831591
6226637594
476507546
4982450323
223803340
318613478
289509603
3071372614
3092716777
4805373157
4805373157_1
2432861631
2536030014
2523930235
7708306180
4028380134
1954857979
8190316616
2999749448
4849536680
2951965474
2738576267
10660534024
6223885703
5497694809
2156224882
3770029302
2155432849
5336691683
3568120787
2877997839
7189687334
59041159
2155438737
1832534872
822307824
4760427447
38392491
821431257
5550450641
9015146173
2432861455
9960455216
4386645618
4760975624
6279974390
3216505410
2262894346
5052033973
5872554998
6459898557
6754878301
5327197291
4472153392
7473789642
72970829
7867583610
903781782
4471397099
1832541240
6494667935
4027659893
2464609084
7639998126
6492356293
4286929742
2771193867
302435192
2798598488
4702788468
9637077268
2698929624
2463745419
347112521
4761096114
5011631731
10660522504
3298078412
11932875205
6274412785
3171494954
8690060316
8653297845
521677044
336293496
1427321614
3769944403
8560183049
7770596642
38394496
4409398014
11494578336
112244448
3769232449
8384434278
4106628746
1832539790
8432750536
4822519631
1831692999
5229197365
8365025528
2686716842
9838973373
2115453076
4960115751
4871468744
2058916965
4622498763
7708309292
176088507
2962509486
2706917478
5986622005
3435522620
5862117267
2479738524
3178669733
10686675996
40217552
4646923867
2059701494
6262628206
223803883
2219517409
6247663849
8220410000
47167869
64849571
185127397
11494570706
10452102556
9527521558
8297090079
5497366735
5012252114
6739489903
38387743
4207511469
4012850149
7259465822
7572912284
4849535064
40221657
223803241
9337129011
2598262689
4733364893
1832755256
2698116869
3178666113
40221670
6254887206
10567142394
5962915384
3862854863
8185759807
8773245552
9838887075
3435154794
3435157084
5542402953
3092717999
3145632876
5012623182
298035843
2706917288
4012214606
2907426412
4438249053
2733062198
3980925432
9203107857
3720123843
10659924666
2524771260
719874647
6917829763
307605480
223803726
3917718572
8768427721
7333979730
3568608944
5655937322
223803556
3752499729
4734227438
3978328679
10497728943
5497383891
2131411135
5377709513
5082879357
5187088597
2524751584
4028388706
6226636338
2697962213
3567829989
5620652441
4848907167
5214455310
4737784423
8524295618
3171487000
2961655365
3899277837
5625149301
4983139760
1831925575
8247181063
3240111380
3312428867
5312004291
4027625475
3827225565
5052652092
3770205488
11349002284
7959555350
7748955224
6479933111
3795731758
7473334684
821431967
2411757963
5536324142
8664737393
945742711
5951679048
9339929824
2181224465
59041138
9633861447
477046843
2681345861
3944435023
7708307888
50729190
2517353423
5569328158
8415498417
5992431508
8219346403
5377711073
40217554
10452846246
7294699834
5501213672
4983147950
3899277679
10754059703
8044757470
5987181786
6970820956
9172660148
3795732278
8338123973
5143870187
5082873721
5636868648
3985836358
4982534889
8266314667
3629357957
2630640404
2878831654
4077970907
7748966996
7774639336
2987910331
4927444255
8383349441
4960717696
4711355871
4401505185
6991343152
10498230185
290356084
893230157
2961654667
5992208941
185128089
4511272595
2879419816
289640683
8051576810
8664737183
8768460867
3042705721
8556157095
5339502360
3568637792
1832542742
3353112066
2354714589
8051561876
5327806532
9205890218
4647554416
2922761252
4745763089
318613804
902952215
3937929027
821431857
3184874163
8248244294
1523281215
2949717004
6460233761
2634310020
3434356807
2872337795
8248260144
476507678
1812348642
7259484982
5618071677
4647546830
2277345318
185128133
5952559966
2517322077
4806012538
4806012538_1
8223561412
10753757385
3456992275
11750946615
2676129389
4881422019
3161262849
7572877164
3170658109
3581136634
9570091184
4439035296
9254685133
5500626763
4960712700
3980162135
4848917555
290354671
627282812
4849533980
2962495956
5501209432
7201326520
185127557
2599500042
336289276
2874444931
5128340310
5573048197
5952562236
5213540379
5454244535
4913332740
2967980588
5377709859
2630630766
4225603749
5828793889
5828793781
290355495
2482779969
2450162628
3900059626
11349015604
3945219566
8267379220
2549540656
2412473818
2257547988
9205890648
3102384681
2676945944
2676130961
2599531978
185127601
2483652182
6151088587
471141027
9172653230
4438250977
3103218274
3162092872
6254393263
2559567578
3106389173
3443806016
6829090674
185127889
6178609453
2961652711
7259487746
9203105571
10753860484
521704275
88494643
3170655067
3658453284
5285625683
2830586752
2629822093
2355546016
5829340030
5828791279
11497543
2674622586
5633727625
5527878441
2614387646
1306848216
36107502
3980160281
3774565464
88494678
2614342944
3492544847
4225600815
5378309948
2486927047
8155174797
627277774
36108839
5630026705
627281860
3161252379
9857793423
7201321608
4760014329
5910538288
6250108839
4647554676
7708307688
2313912667
2305645837
2306455338
5618072605
3029355311
8523171501
6983364903
5828792819
5829342256
5829341838
3099692474
3099697004
8045929798
3170657309
4078431597
10498077193
103569212
185127488
5618664016
5653016770
2460989151
11497540
8298482456
9524802541
5829341704
3029355467
6226638274
4797516958
4208275282
2772041130
36111109
56886907
4848922425
5829340236
5828791811
5829340624
3944717785
3985102209
2629823425
8219336145
4870860687
3985111577
9857780413
3985870074
2209829725
3106390173
5829341000
3184878905
6224400416
5144478508
431812948
7286541026
5828792309
5828792027
4249908221
3106390483
4581440783
4581439243
5500621361
2516163434
3161260655
4827691370
11751437724
4647541768
3106388273
3102382209
3886526290
290352789
2962497360
3410022211
11751275653
3161256443
5569346152
8708327018
5618079633
3171488340
3100190697
6226625324
318612671
3161268787
5339501822
1306844642
3433129064
2524765658
3102382427
4685008485
6226116211
4194763014
2177842235
3197885473
2114679055
6868439308
416352209
5569397204
2718956990
3185725590
10497788255
5568803497
4532265568
185127750
6151033327
####
