Label fort
3298433827
4027646409
1806444675
4501766904
4501766904
2411552913
1806444675
6494683873
487253534
3298433827
8492075597
3308441962
7847027582
461593568
8653306711
4027646409
1426527283
2433680752
10041384303
9555654399
135114844
2696317926
3649940147
10041267194
5096879628
487283735
9555665573
6739501411
8557266548
2432861455
946619662
7756472964
1427400906
8557266302
288051306
2183317649
2432861753
9069964412
2184100902
457718082
457722692
626422679
5440913032
1811503757
2850330306
8671077420
10045759763
1799241762
5096280907
2682966081
6494684929
6044948309
7191423430
8654373732
2976176
10686882603
8557881025
2477058053
2432861631
9250905871
2433675946
2479739062
2682970641
7855909930
8558988832
2391990493
6891537864
5715410211
6151655764
8685319514
1812346070
88494800
487275790
2850330452
509940010
4441656468
8482141718
512080161
2828701829
1251192664
820107161
5290299717
2690021373
5251535082
5834738509
2183306153
3833620441
3834419104
5096961666
5350746618
8653303931
4500254889
2951861710
470032783
9555642369
5311984129
3230063449
7847022646
8155196702
7037637227
135115501
2877997361
88494711
2183311503
2828701151
2849497989
1426506491
2391991895
4104106640
565901964
3474151758
7195592888
7847013976
2461839250
487334435
5998981575
4574103934
8838667969
2392820298
5992435138
8557891475
5229794430
36031964
6891542100
10920918066
135115202
534444862
9367591428
2532526207
5217784116
50494601
5984541482
8372943371
9279816157
5975725783
453107137
6739484983
3770849041
2902585749
8047212151
2696342518
6908787505
11429070336
4500909144
8155222822
9838958763
4791772681
3171611896
9556030917
7756472070
2765054479
10045795353
2433677046
2976178615
8155220516
5976290086
4707151551
10753851726
5976285938
6494711785
509939994
5683051653
6911118857
6739484063
8027049091
3170787943
4910005618
6624618545
5976289312
10428093793
3118873464
5659996309
4438249053
4459175892
6691758473
11446206564
59041129
3770828505
8505375057
9263073009
3118872018
5554649466
1427733463
4500886454
2973786433
9069976672
6891541216
7284034050
3353114684
9558757600
9067744841
6691921481
6933001888
3885456070
6420090365
3770758676
5984534228
7037631309
4458401155
2219515207
4881426911
416352213
4574103166
1831927179
2850329796
10428164733
2166654104
158850235
10045898593
5618322370
4573469157
8493307976
1812346226
2877997839
7344780180
8557862523
7906710108
4472189916
7179795872
8688472757
2973732902
9293179792
8684202263
12288788105
5290829838
5099670993
5312566166
5502380097
2479686758
5991877349
3863676858
8654383558
8993141420
7799190456
11494578336
7669743422
2183292799
2461005897
8263963365
10041229826
4650828018
2532659689
509939988
6460234631
2433676472
4438253273
3415734081
5927508381
7814649204
6624571617
2961654667
2599308690
5884122323
4501146209
355399445
4458396589
5100232718
2356263285
5440915396
4528010413
9067738157
3940591306
2527635810
5099651367
2202467548
5135430060
6494669993
10658342883
6911141373
4501765022
3193689373
5128355692
2220312166
2620013013
4707151533
6594604575
1695595226
9282556000
3294095057
7473817902
5637174752
6891541568
3396193652
4528159154
5715452149
112244446
296027404
5230231770
2114666021
6374585223
11494195405
6494667935
1427375124
5440912328
945298663
1811502245
4765202794
7191368356
461597998
4062568003
9838948093
7191340074
4441656078
9067745863
5024973996
8482135312
12184632665
8452074061
8582152100
4882036306
4707179969
2835779103
2479738318
447248234
2852785492
8248263078
4598224965
3294079777
3171621504
8768527097
4598846818
3770735523
7294736894
5678449421
2532657933
6460233431
3306546275
4574103220
2620009299
8768496841
5975733919
8558986902
11702190835
223913594
3118047559
8155015011
8581050831
7669686422
7191430992
7195587892
7354538864
1807314902
4528166814
9282566668
7366682518
4791703957
3493365324
8653300067
2599310734
8877216049
5715960076
9290476889
8027054454
6254874888
12281712244
7181455723
3581102242
3393038960
8558975538
193791308
3457809046
3834175062
4960131477
2356319876
8581050477
3118036539
10452429093
4472279006
2213093218
195133578
12497260794
4501762660
10686863483
369448297
3256442764
7959543024
12281305945
5394728194
2998912711
176088060
4737782855
200239613
2533476776
3492551277
347112906
3885640148
2356247780
3599904015
8104370576
50742712
132872354
7721568510
5099625465
4960711316
5502977112
7948998970
3492547439
2599306614
3900060618
9838968313
6624630103
2166638306
4501142371
8155205218
3118035379
9293227686
9420634137
3259037865
5615968016
3900060466
4760966330
5834620059
10470163856
2849497641
4760427447
12496722755
4988737127
11285271
6254346601
1427731029
5999532820
3070534991
8373978560
5715385311
470019825
5012626500
8664737393
8877813508
512080165
2433675744
2849498245
2461838060
5928065296
3416580960
8991938569
6179114396
5551039522
3897478187
4707151545
5440309453
7867390202
447254085
3862857911
3416526574
3294091857
2907428134
2464598498
4501150865
3996164462
4258416242
2988769926
9617660115
158850431
2877998643
4528643586
348579541
6178575875
4501768222
3247826633
7284040528
3899278109
8002084261
8104370382
6256799042
6223889433
2961655365
8155179911
308612973
5554649508
4258418616
1806451331
4650951362
6479941871
3118870690
4078726116
5100226496
4472434082
1148678179
4007551439
5098166243
1811502361
8561275970
8581050753
347112984
4574103282
3456989705
2893265162
3434464711
10045633316
416345707
2366435935
4904458042
5394098311
12283189364
8684204191
512080179
8671091746
5096294117
1434412981
2878831654
3771573376
2598283515
4472153392
3118039171
2367293672
2478874181
1594488068
9069963392
2778834633
2220309998
2850330508
3862851419
2598486281
6479939945
4309531528
3410032345
543179841
9558142764
10428180233
7189767826
4528155676
4501149417
3770743117
7959545774
8155210366
6910897237
6691921147
416354018
330084330
2423864888
2411676021
4308678217
7159573297
9161873374
12394879335
10587186216
9844286406
8664737051
169892499
3771662660
4927451803
1426492965
544696551
3769926194
3668233676
5350121769
2530731872
2188644187
39767184
681317936
7639998126
12288757945
135040382
4573468447
2922767334
7189681078
9099219295
5999518796
369447268
2350076995
5502976066
3530782343
5554064683
2410209145
457721934
7423569506
2577256765
4532292088
5290827378
2313905107
4761830880
5636684249
8558978104
3739365059
3852429547
4707775918
533818818
5099658661
6910962599
135115675
2999749448
8155206766
2433677360
5134807563
3415768375
10045737995
6691770763
7189671892
8524269108
3434622443
158867236
447248378
9029676120
4441655880
4317474802
6254345717
5290225123
6254920002
11429040214
4707179957
7770580134
7259466352
112244038
8155184983
11494570706
4441652936
2951910186
521677044
2232146012
7692504868
8665837604
3456993895
3456993315
31829745
3435593588
5758872516
8156420212
8155198192
6339770591
10452143954
4881425491
3170777731
7381815678
6223885703
9838838294
6891541374
9838945473
8768516369
9042848062
2974660580
10041290516
4707775922
9524726579
2703127043
6739502517
471850273
5498277400
3885632236
103569702
10427928396
8558976032
2849498069
512080155
7079070719
6891540298
7032411113
5951182393
4823133798
4120529315
7640044152
2178640974
2419777
1593625299
5497372167
1491109264
3688135078
5999647578
3434794279
4308661997
8664737215
5502384777
2849498731
4928041884
4500281027
4005242376
2961702363
298038233
158849802
193789218
12044979074
4683653489
509940004
4296665684
7959562516
4441652196
50742923
1427900533
9617659901
680290015
9263050577
4733382879
158849998
3600714270
5336603721
4317497880
7473432344
330056915
680202635
2549540656
8557264584
9035190459
2212302177
3435588820
4909428001
4308770173
5976286732
223913777
8248255352
2461004455
2166655500
5012623182
5637183904
4765206352
4922244491
1185024608
7545563786
7191769184
3197206887
733327580
5301419162
4439026192
8330831681
8027043676
8051588620
193792888
10452213445
2620005857
3530758573
9838887075
4104104324
4121303790
378899722
2972884059
8877200925
336299144
2482756687
9162227202
2356281548
8220421212
5290826802
2598705467
8482126630
5300824199
11401005065
3309785881
9293211842
7568503350
369445762
7906709924
5927510743
9364823227
2542064007
5041829373
5129198945
12358019743
4258416596
1812347970
2599114404
2542064665
5998982367
3677692912
7708307496
88494850
2961657847
8002086484
4746416920
2450162628
1593637477
2999750460
6459896823
298037756
6492373237
5554650356
3100192297
4822517891
627293626
12497092273
2524771260
10660546806
8525061998
3456991217
8155188753
9723829589
2366418145
2696206811
6825563755
7770588684
135050066
4472419172
2486786800
5110028554
2620004935
5052137906
3170784389
5350133147
4882031876
3770755143
3393035860
2447456907
480432781
4647554416
11639889845
3862843013
3771541084
4635291903
9620896452
8665837730
5056736599
4500912784
5200000437
681321254
6183151602
7381787616
5617737535
9364856115
193790888
9367758822
2690224919
8492167659
7294742792
53086536
5542402953
9293191212
3760872678
1427356636
2313903839
2392006703
135048785
1427321614
5350744768
5554650428
5337200320
2423863366
8483649192
5987181708
5100230736
5199667171
2293092517
3939810977
88494321
7473823296
8338123973
3307567251
4005237996
2703105035
8693768333
88494209
477046843
5096874748
10660483606
8331860376
12281415823
5236075993
2056098764
5012629886
446163794
8523169277
11703108464
2998912353
4733390611
11232384465
5554065539
3677694004
1428409401
2970861385
626427043
7770596642
8556155103
3568159209
1832538318
50742944
3739368855
5611681967
946152386
8297435663
336294636
9960426144
11494541456
480420136
4707839004
3162095060
2412488564
2849497777
5135428564
8220420502
2367255788
5170041286
9857704455
3951504485
3668230420
3434911449
10754059703
88493811
2201679053
7181455243
3118869290
7708306446
8027050465
8654391386
70503722
8654402912
8265051998
6151593886
2433676300
2548783943
4764567753
6254390703
2778840281
5096911638
3710731224
3940590124
2201690867
3102381947
2907416708
302435170
2356355806
6624622199
945313861
3393037264
4012850149
5998990995
5950655857
5950693927
2486787510
5099679869
7817009124
5637265460
3298430031
5062937495
2523944107
2354714589
2905077484
566295389
4268825250
2620832738
4501140729
103574519
8685321724
2976179619
8877807358
2313904509
9265852120
5057317848
4738416450
158866615
2314716412
193791736
8045920865
288044415
31921946
5986622005
5083475972
946157314
3863669406
330072686
6479935103
8768539223
446170751
7189701544
3353112066
330062705
8653297845
7708308682
7181452741
8208673982
4573468731
2213953177
9620901280
8877830126
5408453349
2977032484
2461840172
2598262689
1185030120
2972887303
8664737049
2202470452
8027062614
59041138
6911038383
3457810994
8725883454
7189732106
3493366538
4478633745
3761151888
3410058939
4027625475
2850329510
103573701
2682975079
4106629618
2598708251
5999531210
441446537
4765208242
9857695785
3038902071
4471397099
4317482112
5951203404
7545559752
8664737311
5554066051
5135329324
12394503023
4919012315
5337331686
8773325088
5986622045
2686717340
12281473513
3900060924
7344780326
2523930235
4528181226
487258854
9337830887
2878586011
4746343456
9857700925
3945206018
5715948986
3779294788
10633216604
4016947621
5715363318
4846889025
8524290820
9172660148
12473400545
4912099789
4021813422
5082884383
6868509120
193788811
6158664041
8384434278
2549558326
2262327944
185127397
5012620118
10633240256
5554065737
2962504910
3886456298
2733062198
2892271777
4500899156
946553486
3753287978
4805375885
138909372
1832755256
5636647233
2872337795
3944424229
4983144006
2685906651
8768546535
10490170984
7708308322
2977031608
2730391894
4573468857
193792167
4308895697
6911003027
2849497539
1764485396
2976228
2970868951
6624577709
84532530
3885665281
4772449560
5625149301
3435262790
2771194339
9037431690
945294245
4349131322
4501138433
8004818726
8330803139
10045378096
103572526
3862885865
2907433870
6700323211
5636669503
7102031927
3568962714
8004818828
7959553302
9040624435
193802181
902931195
278545009
12496887265
88493630
4989347570
8137623674
4106628270
2366452247
24333421
4004643769
10428041154
3178666113
9290473707
6254393263
3392225125
10754058903
4737784423
4501760852
3292945476
7948664278
4889795778
2183308589
9037392252
6460230437
8265039974
2784053119
3568120787
9069968528
3980165849
4531625489
7959540724
2696886400
2685896883
2983758892
735587018
7708308512
8664737277
7770596078
1427361820
4441651944
88493858
9620901074
8220413134
8556154591
2536030014
4847507978
10892463733
7159572863
6912342821
627282812
193794990
3970789234
4640150206
331229065
7770591610
7344780914
6479985501
4847516024
8653288843
10658289816
336291419
7979783298
2178794132
5336468641
4005254266
2961653657
2313794286
11960519616
4822519631
2685907715
5099634667
12281705194
5056614025
3457810590
2115443566
5290826488
2356258145
5336657907
1642761792
4168069807
2629816509
5187687918
8689601588
3179502664
193788469
6911155485
12281863776
7959565666
4830650731
3239783180
2962505958
5022944133
5169443129
3821456895
681206440
4771812127
10427997426
4309636706
3762687997
3230063477
5542980470
347358821
5962311985
4028383788
9620897724
4934528512
12282925203
5677129582
2392001617
4257657019
9554758187
2212300301
2698917906
9263078701
7195561558
6911164987
8027044882
3980928580
185127557
3443806016
5683037151
5172184052
7116897329
3435522620
440820923
5984516153
2738576267
542075748
5057313604
330096935
8330802589
9690520038
112243572
5618664016
5834682115
251982623
10754066633
24333537
7959560158
199555651
2313902629
5083480634
471882301
8877218909
2450161544
1617315903
158866424
2682973699
4635284819
9617663457
3980168507
12393141465
2974643492
3774565464
4005717530
6479931561
2201687285
5057320116
4650844346
2837147288
185127930
5547438701
9293189132
3600715214
4054063642
8524288580
7621492756
6912341571
330089856
4702756294
330088907
2987910083
5187688576
4028376822
8116513655
3976561568
7708308116
3676878611
3530756445
8155174797
10753757385
1185018782
5568753869
8653272913
1832544374
278544757
8815055184
8220419576
199555553
2356141678
8330803351
5670288938
8416673870
88494449
4871464946
5377711513
7770632698
6274408823
8415565267
9372973814
5073934301
218441624
4827670738
3863653990
5497373953
9175139134
7708307028
9042841404
9290448311
5178456328
10452850345
218442543
1593676427
5554649384
3884844845
8557265018
5129174513
4531677203
1429277500
5135399058
8556155157
2706098941
4806011196
4806011196_1
4983139760
3952588018
135044805
5011631731
9029558726
2778870073
3599904413
2598688979
4650852656
2277354398
4635892272
5338890213
5362765655
7473334684
4501770658
5985080896
2962509486
9337931899
185128089
9037424112
7473343860
8643344470
10633459373
2602690034
5336709067
1831925575
4501152483
5670291784
5618072605
3780159542
7284042448
3900059626
3799085111
88493754
3796287545
5992432830
4106630092
2893105540
2314715700
2524751584
11733591956
4105863265
3952607184
8558989306
9029663810
3899277837
6705226949
6193253161
2392010919
2798598488
2690015153
4847508088
681202774
38398055
3951834477
9027372941
5350123101
2922770680
1250317555
2463764943
487293857
902931161
8523171501
1694496320
135116324
8155178515
8027047673
12044649575
3410872336
8247181063
6274407641
4258415044
2477873668
6798572025
8383350775
2988769396
4471494795
5143871189
8219343527
6250108839
6193262281
2058915459
6916923093
9029610152
7770589416
5417372727
1001205877
872138825
4286173391
3632560595
3469479001
5100277306
1250315709
4761096114
10482935065
4062569249
1345399308
8582151772
10794341375
3400936956
3568155965
2131413503
820984990
9282559098
4472299636
2681345861
2262891548
6880122441
3238944669
9282567320
4500284439
2771193237
11733052316
5550450641
3492543897
9265764178
298035843
3769911112
2115444862
10754359856
3859608467
5866518700
5984516769
31757769
2893109012
4622498265
902931145
2483597646
10686877993
4806008340
193794600
31802322
6151088587
608566846
5394107561
10423185434
10796250165
7867583610
4002501619
8877221455
9687295393
4495148807
2830588252
6193264099
3599903709
112244448
5052033973
5497974242
4848907167
31799359
5187088935
8752005833
24333403
2486786508
5542986770
2486812496
3293128036
2549597842
4441653048
4760014329
2257547988
7822341174
4854728955
2849498351
416352193
5542401407
185127832
4106628128
38389924
6700331305
3457810042
8838743915
50729250
4028380134
1594456014
6915332351
2878832464
2614110022
3238935053
2276555071
2357618602
8263978315
10633226065
6970821004
2698116869
348579535
3569202366
5454767960
4027619725
4004481791
2825137258
8027052874
3492543387
9857533935
8415578439
3980922146
9282545690
2311441991
8557265820
176088623
2961652711
2261541185
176087779
7708308862
5336700087
2464599776
6880115593
2578089040
4194782836
2698929624
5268904525
4804572913
4027641657
2479739604
3230062853
3752495827
7116897631
11349002284
8027014495
7468144868
4106630562
4635289199
3456990257
5998975793
3755384142
8821027502
1593577773
8267361298
2344153405
7708306180
5135418582
5377709859
2482775717
471882305
7568489686
4734076758
471140587
5213999239
3410857260
4317425172
4120530463
9838973373
11497543
259719624
9045172142
3769106675
298036269
2698922918
3469477957
4805997452
4805997452_1
8877217453
2485968757
2599500042
8557857521
4927446001
6916944785
2313909335
4531616981
6494678493
3600715880
185127601
4831261338
9693996533
8773280344
9067737103
9546732080
6151087183
5454163697
5569353718
9285923900
7441611662
3255539607
3492549941
3178668469
185127488
5536324142
3493370342
5495833815
336302378
8247199327
7977532043
9364897817
6880109515
5625154361
7796611978
2356259091
5573048197
3410052743
176086917
5454241513
3668283098
6880110653
12045021564
2313907005
7014610535
8773336198
2732237239
8665837752
453107945
5135330366
8556157009
2736291534
4764573113
3292055233
2261544521
2297434789
2784052177
9620896664
11367884653
3274974810
8155173557
4004620403
6880115327
6262628206
2893103858
4574103872
2902584245
3456991395
4004310229
893230157
3668229904
7116896577
8725883532
4824898368
3600714776
4004951697
336290760
3568387187
260611919
2114676403
5290298993
2523949851
7708309574
2483578418
3569205874
4772076337
2523921613
8045921381
3687286761
1593640601
8263968081
2523908185
1594509232
2482789731
298036660
2463748497
9690531662
5999524850
9262984273
6916937341
8271221531
5236089799
336290206
6880113303
2310970540
3935226068
7783926064
2313906127
8725883340
1832534872
4930867307
38385288
3185714822
9633843707
6491472913
3162092872
10498077193
4960727764
5290887022
6318555208
8773245552
6224403728
3197885473
4805195722
3739344801
11285208
3877349119
2831778296
5497964096
4257658331
2344153281
308613046
3830392970
38397358
3435446916
4760975624
4849524912
6262100823
820978460
8266173547
2698106073
5620652441
5312004291
11733134436
6223862541
8004818628
9337831103
7294720358
5618071677
9285935380
276319569
8524295618
2277346734
2165733023
1693648021
2951917734
9203107857
2337424477
282317537
7116897827
9690523632
4855336608
2677780629
5568778045
64849571
3308185446
2486786290
2976232
135039065
2689927019
4257656589
3763489428
872980326
4251521178
9687293017
7774639336
4028372658
5059957124
185128133
5454165339
2777095216
336296758
4106628892
2559567578
2356257081
9690530576
8556157095
2686714982
5669723349
176087870
2951102363
3778484761
5082881231
2698097007
5950661603
4527531321
10686637655
3885661491
7195597596
3433122096
8331858266
4854733283
9027414519
1832541240
5378309608
6700314595
3568956904
4120530597
2620834398
4764573589
5083477916
2873157332
2613284933
3582023192
2338258922
9504029461
4313364034
3570671126
4527723097
3687287373
4804578309
3493364756
5143878417
2412397896
9633828985
6232867321
2486817094
4983055224
5655937322
9262997415
3760144251
5143870187
4881501233
2681337025
4498877138
3172459435
2614369444
9690528714
9637083034
10659426465
5755073467
3171484234
302435192
6279452697
282279870
2892273509
6460226643
8556154803
8267235708
3863661214
513594929
2789250531
2482779969
11750946615
9205890648
3170660905
2879419816
7473828404
4646923867
6828141596
6700317529
6045512648
7473784730
8047221324
185127710
3179508884
5551030150
3763486668
7014628395
6917829585
4684071566
9285925416
5991877927
2486785846
2962495956
1593638721
6868439308
8108861827
3184881083
3769922282
6479933111
7333979730
6492367617
8773283324
9857662016
282314017
5290225999
4983147950
477025836
3762679143
10567142394
2872340457
3443002977
3568608944
296026446
9364970339
2614112752
5177841029
5455601708
318614132
7294754056
2115458866
5144470020
4824282401
9282584782
3469476213
8639532518
7011360169
2616426152
2372116625
7014702437
627289094
4027657471
7708307888
9279813863
6754863197
5214154140
5338892243
5363377140
4012214606
7770594962
5073935679
416544843
5637317620
9364829033
2730470544
2599535370
7770597426
5052651566
2776237149
2697958859
7294655744
4106628746
9364836621
2115453076
7708306700
2411640183
2058916965
9857741145
2872334059
5630026705
7770591064
4871468744
7959548330
2972884821
347112853
2523932903
4733364893
336301199
10498230185
7708309292
5083478858
10754568493
8768427721
298037362
6250104087
4312639443
10661400056
336293496
112243575
4737915233
5398393015
7014634471
3885459460
5057822901
5937150857
11703433606
7116897881
7728435700
318614474
3292144501
7195577516
2614342944
5454988509
4982534889
4286929742
4478634303
336293060
7294646882
6865246244
1193619034
2899501674
2524735294
2987910331
7240599800
8140825662
2464582312
9504113415
10660075083
3755043132
2902582615
5236658882
308613076
5454982227
4249908221
5773015036
9265833236
3885662543
7473789642
8419938111
2277345318
3834628843
2457745660
2433675624
1428401613
5143884079
2058917075
8438064102
7190120126
3161260655
2486816798
2209829725
5187089053
872988816
2967134503
38392491
4166177593
2486787268
3581102998
12288777555
2615604743
3171494954
2114667495
2213925341
7959550662
5683046217
5758796664
4318799700
3456991825
2599531978
12497387424
3313230114
5063550460
5187688136
2460989151
4849536680
4702099004
5143863609
4847516728
5083481624
2313907535
4707179983
2920018703
2976227
2772036020
3805261350
5200253528
31758569
8582151670
5187088383
5062938405
4441656560
5394682068
5109414335
7977555967
1593561917
6754812921
627281860
2598690365
3492544847
6100462083
3762699767
5951675164
7191690694
2898278335
8523165211
3101027112
5214455310
3317132243
5187688058
135038695
2115456508
7774768304
8045916765
4050389806
348579546
4105861783
4848910083
3161252379
135403450
521704275
5951264886
6866667448
4296690952
3312411015
3493368992
2730527690
1832539790
3469486063
3582022234
2698919922
424211156
3794894685
2686716842
336289276
330089170
112242497
7473839724
40221707
3171488340
4849519998
2922761252
4005081942
6880120867
8104350153
7116897741
2729310629
8266340301
10452246926
4928049724
6829082544
5129765888
2772038328
2524765658
7473833772
4646924081
2178789974
2685911327
8044756406
2205033827
3170655067
4027647005
3980160281
7333978098
2676129389
9960411914
2686725548
4982450323
2732239407
4806013012
6254887206
103573258
5144463646
9633831591
3825152325
8415571739
3298078412
6700333445
336298478
7294698590
11751023475
2776625212
2486869688
3810086228
5269513586
8298482456
7294702600
10686675996
2599504754
9262980689
9172653230
7708307258
2464615440
5020368815
40221657
7969541618
2356264285
8208673480
3274974928
2614359260
1831719961
5652463155
3380308894
4646924937
2685913455
2967980588
2698918792
5568743023
3763499450
2733069084
36535126
3410022211
5350737652
31802280
5568803497
3827225565
3839702658
4711345351
2374245666
6880111823
8664737183
5269511806
40221775
185127889
2486927047
3292090591
6880115857
5327193995
1594470000
8384432220
945742711
7011360791
3966587496
2732224763
3106388273
7770578464
3762707315
2893099220
2314720094
7191700558
4848917555
5236672840
2784176470
8665837480
8044742687
3185726020
431812948
2059702220
3170658801
185127750
5256492464
7993607792
7284038302
9175471222
9570091184
9687286391
3752501739
6868578544
2483652182
4960718138
6226636338
10423191424
7931080032
9003264913
3469474601
5497969214
6945497214
3752499729
3980162135
4295926845
6182651249
3198731514
278547939
4824903132
2516163434
8877220281
6700328527
282306405
4277650218
5569346152
7770583962
4106629912
3397462655
4194071651
3170652501
318616047
5109420685
3185715876
9637077268
2698098633
11497540
2613272151
8708327018
10497788255
9016320678
6669388585
5497962124
4711355871
7286541026
9067746215
7284044240
2733053522
8877804938
5268904225
8045928630
84522771
6700311309
5262805006
3780152428
461817428
3082007635
9857793423
2059701494
3100190139
134079894
2758297648
9570085070
2967134339
218442851
3883509580
7959555350
112244853
5062939785
27483779
2976167
5268902791
5269513024
2973558128
5311984887
5398424083
318616691
6098236714
5339502360
2630640404
3185725074
2463754369
416352209
2697956755
6226625324
5187688318
40221670
2114667185
3184875263
3456992275
5229813036
4201106385
3170658109
3184882031
3102382209
5618079633
318615485
2306455338
3760335435
5062939109
2305645837
2697962213
2524759686
5455596748
318612843
2698922556
2972708359
3106389173
3764183447
2614355710
108586683
4960118699
336291787
2674622586
5377711073
2682134056
2972710017
2972886817
223803781
9857729596
626407669
3106390173
4458401195
7333984500
7011359121
3313224208
2516194346
6669385265
6224400416
6970820956
9857780413
4685000423
222207609
3185723606
5012252114
7946872296
5952559966
12044924063
6226638274
10686683314
2681568311
3102384681
6226116211
5059340137
50729190
5497383891
8481036067
38394496
4960123163
3103218274
2058916245
3106390483
318616892
2681345865
8044757470
2409099486
2598709673
5501223774
3753285856
5082879357
2682134060
2771193867
2198569082
3753299310
3071372614
278547706
3184871233
4872945123
2698921774
4873565340
6226637594
3780144748
2681337017
3107221768
5182273900
1674817147
416352200
56886907
5497365227
10498197763
6083989689
5336691683
480417596
9570078036
3161256443
3184874163
3568564146
4711355963
2463745419
4760893313
3268957790
11751437724
3161268787
4760829367
455623079
3259067845
1832542742
5082873721
9203105571
2976230
8140793741
8383349441
5187687664
3780146172
2614387646
4011385028
4746470290
27483765
1675787466
8383350983
6868529050
4846893179
3779333933
88494643
318613478
3435154794
40217554
2114679055
5187088529
416554906
11865564934
6865245266
223803831
1674808621
5336594367
3185723398
3102382427
2771193533
3185725590
2313912667
6231951817
2790093210
6868533838
5236664668
4196545078
1593702245
1039576012
3779346675
3185723928
1288780397
9570081662
5497366735
40221751
7294661128
2962497360
4870860687
5285625445
36111109
339508292
6669387549
31737040
6151033327
5497376933
4734231842
3691779829
2775772349
3184878905
4633044841
27483907
318617097
27483952
2772041130
11751130873
242641135
8325470011
40221687
40221740
627277774
6084535020
7770574244
2483644362
40221721
4386645618
2517353423
3658453284
903801176
9567267417
88494678
4685008485
8044743915
318612384
6099517676
4647541768
7014650069
40221783
5569397204
5285625683
2682134066
339513365
31800148
5312575134
223803241
1469173249
218442505
9029666834
2904231145
4733442349
318612671
2718956990
7305207350
6460233761
9633861845
2698926334
4745838465
7305211204
4684082900
2399262243
1675790948
4734095730
278548028
223803726
223803444
223803883
223803205
3718480452
223803556
223803485
223803289
7305206072
223803380
223803340
####
Label sculpture
299114458
948633075
4815295122
5898734700
6669397377
3630226176
3779303606
4017014699
8044750559
299114458
3779303606
447185314
3230063783
5134714892
3630226176
5062928979
5134127925
3778500481
5898734700
949386486
1763664011
5898178647
3298521154
5207029843
10686677944
347453072
3844091610
2951859592
148880487
3825993336
3770801661
608313727
382180783
6754834695
1806449883
3297737361
1427389680
8482122842
5134734728
1427394838
819729391
3826010074
3826017230
1712662249
6528444885
3470957417
11401032154
3298563892
3944721537
480418904
5111101594
6691920767
3778482949
11545827426
9327125986
3230912884
9838891576
3825204493
2783321037
2530700122
4040194510
501810169
5110539285
4889196603
7931065948
70503374
539942956
3407591603
5096313609
3638189331
4288646080
8754304907
3770718872
7366683922
2548794557
4919012305
3676845881
7545562786
5336667665
2219520501
5062929955
3630184852
2696594148
4711345533
4039417329
4040194500
4472535510
4472422530
4230590429
2987909153
5199670961
5251533840
477357740
10523789076
5898739182
2824813143
9069973156
4288645128
5910651282
3825197145
3844074154
5454769656
5350735036
7545563186
3292872806
10523798314
3769974753
5270756929
11400976535
5096314487
6031580490
6393471307
2951846628
4678405231
3639071774
5250933407
5637213132
5096314303
2730500198
2781496564
8020643802
5270758023
5456203417
4276887523
5636855594
5350124993
3774492333
2898280373
2892570408
2907637389
4040194506
2980998033
4230586007
5251535876
4040194494
10045579766
4264128286
1806459121
5989440877
3825211711
949499384
2549546418
608551732
2548799221
5180513666
2951008473
5820000028
6754847251
290346269
4678737106
820567200
5170044846
8821027922
1429327146
4017014699
9327173930
5951285958
1764528664
3944780599
6280492506
4288645610
9339935222
4635890000
5170040376
4678489799
9557411120
7748960548
1428410597
10045665523
5290298147
9324366369
296734019
10195847363
4775701170
8992698766
4684078910
11401076336
4650777700
6393471475
6754855347
4650277985
6247672919
9554791105
2907638727
3822497356
2599517698
5119094852
5229638835
3194525358
2784174718
8482556055
3830534876
8020643417
1973118421
8482554825
2599112732
9015160185
10045665564
4276888303
5169442285
8513647285
5350122301
4439339206
70503355
8993156578
6955954692
2234610680
2616792186
347112073
4471379667
4635896462
2981862012
5269515926
2313010863
2529912059
11517498204
680419277
5502377039
10686632825
2987908535
11510584043
4264129420
2907636079
2830891655
8755441444
9363910295
4760666686
7333982016
4439033482
8045924676
5783163894
4015978965
4792311308
6848891996
4598243005
8020737489
9545558487
3825983374
5061791373
6828790001
4423591761
2830862791
9555237605
2892442683
3193683061
3826021908
3677642648
544706421
5777309412
3844070684
932902011
11285399
6908256296
4438252755
1079785271
5898183199
481403396
3769149129
8265457585
4040194502
5715422061
10531062644
2683812028
3945505712
6739494919
6624594987
3309818987
8396212236
10045809175
2892440427
3769944403
4574103466
501744912
6031024805
4472532454
3297734497
5820001188
3298434489
4316751509
564171359
8755451638
3579356292
3294122373
11516327404
3769947373
185127297
9333818080
4515411642
3629408961
453106631
5179909999
382180684
3769934649
6848901676
2988766914
8718331282
8514766368
3688100320
1763641129
10796239426
8718332840
8717211785
5290237269
8991961713
540039267
8302530592
4104101152
6669397377
7079069595
5271356488
4791735809
8301475659
4039454903
3639023392
5229638235
4316759251
6279892153
7754472466
4063318506
4287908119
2891727603
5096278947
1428622784
3886492202
5337290332
680827502
3297729299
11516298045
3770185618
5898171817
2599119168
4456209756
8810438217
8372902693
5290319715
5199668591
5910089397
821429619
5270759359
453107663
5987191936
7434957772
1717395294
681223248
5636685913
3944714517
820603106
222144998
3397107719
8755425458
487649798
5580052759
2598267621
4928044682
6460231807
3193676809
5637179330
8821026606
5350122501
72858342
7996665913
3779286782
8266539620
7423550510
4805373157
4805373157_1
5301004802
8027063770
3298434111
72861323
544583874
3162082976
6375741663
4792317644
5207630438
3638264271
4230615377
3638999268
8373983796
3770779865
4287904985
5251535776
4263282755
480419052
8104353803
8044745879
3207183887
2366425799
11285322
72862115
4016939245
8372895075
3230062835
330079508
4268086067
5062393122
447166620
3833981290
4166167575
3298324199
2366427623
3259869418
481406552
11446356953
5229639139
5207030867
8688489893
4882105602
4678489825
9846989364
70503492
6280493848
7037637371
10719832864
6828774105
7621474796
4815262450
8331889628
6691852653
8263945135
7846972040
7969115056
289622192
9545335019
501748971
5670294902
6691760823
9548335934
1428417521
4166177287
1428403727
4814631825
3297722685
3821455475
4815295122
7545558164
1832536520
5250931111
6754838873
2682992257
5282366360
819723003
8717212077
2892572570
4230598873
5143859477
2893096760
3200056257
1491113882
4062568869
3259032369
820625612
2599102242
2892262453
7639980088
2366421011
933771314
2892449849
8993169230
3435674982
417793033
2356262181
5061779633
8523163827
7333982582
347111281
4166931160
1709427114
52052657
2461004307
4815390600
4683478763
481412759
6930908102
465191337
3629414913
8104354217
480431997
10452124654
5989440911
9838858124
7568480222
4500267985
5456805866
5083485500
2440618667
3193688729
8810437275
7754474506
1807313938
2411547713
9548119788
1695594256
8754295435
4814634085
1491141582
7054351639
4771813139
4309410298
7545558012
176087446
6183102058
4268827186
3833374243
8654409280
4063318914
112242501
5604423185
84532459
8717210833
243219574
5987191848
3779302036
10045632093
5835305952
2356265081
2898338603
6494684361
2530723970
6183176212
1806455411
453107005
9554979731
8297364063
4103995500
8492102621
5910084259
7754468296
5129784432
8363959407
4438566193
3200932110
7468162164
6254880864
3193685193
52052805
1720254795
5711873736
4438256039
1763632205
9420625927
5170044446
9015164343
3473255564
5301002552
4025942939
8302544538
8302531376
453089874
8560169897
3629171779
4295953433
3581136634
4276893583
8265467555
3639085712
52052082
2298245598
176087321
3844103166
2682990547
608311053
8664737149
3379489423
5898164801
4039417327
8754334063
5653035956
3299261746
3677556170
9283161445
5301008932
4263988782
7102027213
820551032
3307391506
3779309242
2482772123
626390527
7037628693
544700743
2695874003
7748963746
5096911950
6182593345
3893218482
6459899005
4288647764
2529908955
7931076060
447253591
308612814
4348326957
5175915255
3197209447
2620836962
2892429779
4368005437
4771811647
4685004355
5715442729
7756472312
5110192818
4815260460
243222439
5987192110
3837849261
5110542687
5456110051
3770802824
348591239
6828739337
2976218
501748490
9324326243
8492309101
382180874
52051542
3259033655
7669731928
2891736861
8718331592
8301476551
3193686949
9506816864
3298558312
2898561843
447220443
3173253844
7996660780
2690010339
4960115751
10045606263
6151108479
10523803074
5992433354
4500261541
7037629487
52052591
5631279621
5138869458
6279465865
4822523565
70503220
10536426625
1698065985
8993188812
3885697421
3397468387
820570356
2261563121
3379490419
4438563559
1807296328
5951112293
5542983848
5951717016
4815249870
6829085108
10482728394
5236687054
4791749541
5229799922
8020705174
7756472496
347111824
5061782873
6479937569
9279762379
2735188949
169893920
4989360074
8754279197
4230547271
8044749771
347111502
6828798241
3328278403
8993176772
6099601258
5052147982
3397465641
5176522476
6691760003
5898744892
3471785688
11400980065
4263380285
2526819633
6279907527
2758295412
11820125643
878234910
2757457623
50742869
3413929056
8374013216
5250931819
4103350797
4707179953
7982316941
8044755196
3530529589
4846891119
2849498673
6886323848
8755397068
7037630201
4039417307
4598254147
7032409059
7468170452
8514767216
2198535954
8513651959
3760286806
4230563925
447185224
2277353078
6754820905
6828820619
10957217386
949428072
8027063033
308207507
7468153900
4230610163
11400999874
59041491
8558970800
8247189513
5502378543
7867470286
6915332765
8051598518
2355333615
7640036968
544579844
4277639374
9792770765
6151655626
5927514557
4928814004
5631863144
308612787
52051662
4349133882
501727220
3114732891
5111088090
2363349001
7754467812
7996675007
626405993
4268081991
6119267298
5336492721
5138854992
5951661240
4678812482
2476294126
5604422261
10686694456
9339923372
6624614089
5134720980
448441805
6828781685
453106913
7931025204
6691855355
7754471262
7423393338
8993146626
5300419005
5834728587
8104369604
539949700
6582496711
3274974384
2348426989
8810440157
5783150300
3230912700
9254681901
5456307371
3676728263
6010896677
70503564
8365028594
369446910
540047657
6975223343
3397472543
2907432046
8396201460
135045267
11494181795
8396209438
3531591574
3639016808
4287911247
3638203355
5052122246
7423391816
12181478664
11494188455
543179827
50742900
5783161424
7621481940
5111072284
7996662856
5214152568
4287905697
2587362435
6460218519
3193681281
3442998223
8754282065
7931074024
477045951
8481036527
1427900367
4815387988
6491457719
4700846120
4711345611
5734659764
6943840258
70503297
7621487114
3230913318
7754475108
193789678
2620013573
2690208605
3457812108
1079804377
5634661359
2490343911
6915332615
8933604453
3900059440
8395126701
3769392241
5286222758
5138269497
5782615967
7640028660
822306208
4791792711
3443004797
7201355302
3794900025
3306554623
5129769964
2744360882
5350124151
278546113
8991977797
2744360888
4854744915
11429170003
4264134948
2683793930
5229638741
3435151964
4989344008
741255779
3777250659
8020669765
9847017654
5170042850
6031579036
5176518500
6494691793
2903532388
3893583794
3412911223
3471791988
2298245122
1721103986
8999736643
5082888891
2351838951
10796199376
11370126356
2830940393
4824801346
4349064496
4288647036
6336162044
1807319362
408681016
8301489829
5398421135
6886314022
3413132721
9548145406
9265776726
4791784389
477044873
8755383884
4349116310
2456918469
10195898496
3687288705
4296697498
8839266480
447191477
6151108623
8999745213
5138260287
6915332873
949287700
10428014596
6179107852
5593399034
3676824993
3039742328
7568491844
347112227
6031024591
11820603876
5170039958
3486795312
8045924078
11820609696
7931056058
10195615874
2432862469
8155183601
7621490904
453089046
1806463491
3193682233
169893849
4348313413
8051576761
8514757824
4317495448
4574103592
2312989469
3197208399
8207583449
134288445
3118040593
5456075003
8396186516
10892303784
8301492165
487291389
8717210517
9694026479
50729239
5835284644
8560179673
12542204
4889815742
5551028654
7225611702
6158674487
1670874363
8810436449
4286936488
6691758161
10195907123
6779631882
5229497385
5820005710
11367738404
501768683
9558072356
2220313474
6955958934
3774457925
1429286906
6624567857
3775511193
4039417311
11751332805
3194520304
5062400094
4889904338
626387657
5251533966
11865560484
4650156771
7754467268
7931029930
1428699474
11865430103
7931061930
6915332205
6279464277
7225660840
3769976991
2706917798
11732322485
3834415962
3411837455
2828701983
6851594024
421994419
5965409463
4684074762
3308439478
5062927967
3259863724
5250933271
9548126836
347112583
6915332487
9838956473
4514773719
3568621734
10686860083
2312991971
2829538310
1806453489
4598859698
4532322806
10686690554
4678489805
10482519424
4823134114
4791843529
9254687593
481407628
3760201030
2524337964
11400972336
199555638
4685002837
8974608162
10686650375
10428221063
5096314397
6279953711
3770028511
2155426433
11732272425
3161449482
7225670612
1490265543
750690861
1428450809
10195754275
2620008187
4889822800
9533699830
4288649304
8989887343
2298256116
481403732
4438562389
7756471780
5592805263
4772452030
11429175363
3770770479
3945512630
5169437163
3200054599
3898269458
4906971826
4062568401
4823139220
3825966954
4005389610
8265042836
5301009992
5061762285
4650903186
5143875473
4166928084
4277653600
8810440817
8513657035
3259068153
10719836514
9186157305
9285980834
5497694405
5872020703
4707179979
5631861250
3638206801
5134077951
3809264233
7545556044
1428452253
8993152272
7748951760
2951069467
441445128
8717209603
10686864713
10753820836
11401010844
8372909199
5051519217
7621486156
2155423363
126338879
9029632712
10045868856
4263380843
461600955
2178005961
11429035764
3843307163
6739485967
4644064553
2898340443
5550440633
8688529819
308612827
5951665592
5118492633
4317472438
2779697228
3486788246
4276885251
2492989766
8222473671
5910640882
2349262408
2620834840
7996702146
185127675
2973812827
5058433014
2456918629
3392228585
3732923754
2529883965
5456522918
8492166039
2615740385
5635243888
5300406547
4500270931
5286223212
3769378067
10445375913
481403224
4005718500
8020671050
5758168889
3198054864
6754851079
2696029395
5229638367
52052146
3770706544
3388817135
2898659607
2298246736
7754466736
5962862982
2765059913
5297649933
10195808914
2729552805
6828807053
6151656160
1429278230
8384433912
4912686098
540082147
11820607006
3295824960
5051506583
8821025202
3884665115
5456049799
2392826064
5737752190
9846995484
2313814382
3313758930
6150926594
1807291566
7621475744
8045926392
6739487927
11401073634
3259898966
5110021878
8561278416
2441448480
3292905084
84532518
8363944675
2691021202
11703256956
3825161603
7079071331
480430109
4678737084
3292953130
10195795404
3168952218
4960117011
8047226158
7640013522
5527859257
10445086536
11517589704
7931068000
6739493259
4764577121
4898405013
3885467754
4792290086
5290297283
99211416
5394740646
1428779914
4928692780
7284046260
4258419896
5096913262
10452119926
4767827587
5175918109
3309896949
3093557056
2999750116
5096883078
5962845226
134073694
4257659425
1306855842
4472413588
5551054280
3434358453
6925748483
7284065246
416352197
5319095358
2951944040
6178568413
5820002718
2355385499
4402266760
4881423519
8514771198
2213092852
7292997246
8989919671
2706917898
8482129940
9847011926
301669987
169894963
3307391252
4746349218
5394787364
2215439862
2689904793
9545539175
5593396850
3307390686
3193677513
5992432092
3769384363
6031023591
7754470490
8104370914
2548817981
8047210671
821429775
4263382187
112243180
10195735684
4814629597
5230231312
72970829
6970820724
2706099055
9423407180
4889210017
5500617031
2878583399
5301005480
4478631503
3770817415
4988756491
2177851937
7996647919
2892564608
7000905666
5635243374
5782584543
84469870
3826727035
608309425
8492150179
5866544574
7996664877
10530998866
8482553941
3834163666
4635286539
2730437774
7756472742
5631281679
5144471796
112244851
3659262246
4771813577
5258168883
2800865380
417793156
8020756310
8739328843
6151087439
509940000
5518780743
4015978473
1516342106
8104370768
103568891
7756471602
5118494471
3531576730
6891536334
3638198319
476518583
7532909136
135116270
5290322539
5398432423
3892794411
5898163583
3531736142
4764566295
5394235281
9279760637
1426403537
5820006372
5542980138
3863671864
8492110865
8513658387
6031580638
3413122673
4680811086
2412427350
5631278977
608559516
2783318887
10920862756
4287911697
3630177754
5394734130
4478634625
3770815688
9067738777
608555652
72864032
1675682028
6279465607
948426121
3093566474
5965483139
4016937777
481415895
9257470460
9337146253
2620835490
5819445027
9506852738
8718320116
2412391894
5062372272
3759753035
1763635451
7189845902
447212881
6754882129
3239779492
9690527760
5399044198
7116896455
5758375405
6819698981
4277641766
5987191032
3173783162
3779289528
4276883779
6494696673
8755387494
3194524660
3843321335
3413998658
3298432953
72863296
10045482563
8754330321
5269516684
8718333100
4989357362
5631279819
3775281856
6183169258
4459177806
9337149377
3687288073
2891734897
2829538232
1491116284
9792785886
7754470042
4348323249
9527576532
4598842622
819681179
4675290746
7996688696
5179922617
4684098372
7640050602
5550473443
8186830697
1516349522
2998910157
4573468987
4231361586
7846949504
5758916622
6828732537
70503386
3893921987
4989332512
4264025324
5820007838
4230618661
948633075
1812346810
4459177970
2763075841
7996680768
9838965013
534510578
4889829186
11401095044
5134623144
10796287025
7468174436
3299261206
5119096654
296734012
8265049954
10686868393
4882030814
10195800255
8297422693
10452220454
1463310259
7669799210
5138857954
2197756325
4772454398
3732072735
477367927
8493294360
5138246823
4882031282
1491119166
6044953317
608318725
3397500309
6045517224
3208004720
4424697607
477042293
5285626787
4684078516
4168830104
4062572643
10795179754
3844099134
6828719093
5394091593
7225648752
3292294323
11367698445
2831788216
9844384015
7568496402
64197029
8754279689
4133266622
70503450
2441448298
9004173270
3200086243
4043635278
70503523
9283200289
2411682265
7294738066
9844312815
2630673146
4309475372
6494673379
2892422259
4806004078
5452759540
4707151559
415961769
447173845
3774484665
9792661515
4133264792
2849498613
52051413
2806871738
7381749666
6801572390
8558970954
2903530486
31802307
470006382
1427736291
11865424963
8821028134
9254688325
5180507304
3629979914
2831732456
3294891998
2530726828
2349259180
2298243482
3388813619
9327129776
4548003684
5992431782
5790803571
2369443775
3775613116
5160401002
2951061755
4423592469
308612839
9067742495
3658465587
4438574653
5636639517
8717209869
2893107550
303002826
288842723
4287906447
7468192418
4650294043
4438566597
4286176767
8396200090
5096313677
6624637155
9847044334
6247664455
3629404073
2297447765
2361854469
2707220528
9004176518
7996658306
1812346600
2433675496
1944634590
5593397926
3410860242
2779740694
4264133268
4960710650
7473339568
3306560227
103574946
4791684371
7545562976
7284026448
8810436711
6045526832
11401054334
6178567211
5631863348
3412915661
5138853562
12497114985
2706401191
3568140825
421994275
3531584126
399609906
7949006720
4918999221
5051526321
8104369896
3580287701
6375744231
1428611460
5178864052
4635293649
5551031994
1764496714
1490276087
11932547526
8020708961
2059702588
11367788084
2549593192
5737751012
2906589201
8821024424
2598289307
5096313333
8493392970
2831734788
4296701698
5062397858
5636614113
7669734690
3412640408
7847017438
5394159515
2526821247
2298250890
3770988666
5819441759
8974607384
8395123619
2529904153
2903432858
539919028
6031023315
10045488655
6955807024
1811503423
9846927264
7434976748
8821027118
453107383
8223561412
5737713848
8524422014
5569326822
2893270900
6254348733
7201338836
4771817899
4286177739
7333983470
10660691633
5734111885
7568484956
2800870138
9792811116
4772452248
2682978077
3207126857
3173282152
7545559392
7286671490
3259899290
6624627301
4439026700
3821653979
9847064833
4678405209
8483647830
3309898393
4305845840
7949084638
7381878620
3457809436
2898308633
99225218
8189230541
2922855998
7312396094
5737749272
5300400531
135115317
2183319977
2612186959
1490283217
3207232931
7979796403
3471783700
1695594662
195152065
741255651
5144480530
3434861765
4288613239
3416580046
7943346658
4286196741
2620833166
3951789739
3770824426
222216610
5634662765
4019348496
2440618445
2682972097
4761104584
8045925340
9838952953
2974658470
11494558263
9324388571
3400132921
5096911126
7116897287
8044746271
3638273175
4288652080
4792323134
476507546
59041174
4793714649
3208070938
4680810380
6031023979
7344192480
5758373707
9690535726
1491136894
7468167088
4555645157
4846890949
3672150750
4427669570
7545557650
8208674316
135116101
2298253588
3809253607
10474547324
5138862812
6925748265
3829738249
2730426066
2971710476
11401096703
6280420766
5542398925
4220570964
8560166315
202685456
3307389598
10195811276
10719890416
5642397251
4500892932
4622498763
3161250951
4745749035
6624639513
5633814709
5230230282
5229788340
4040194518
4219797403
8027038398
4439035736
4039454813
3944417741
3844105198
4635894400
4650900590
4598246565
5338890679
290360091
3899277059
2616583918
5992433646
7640020774
6925748381
3294093039
6045528844
2982903155
681114448
5353149648
3821654481
3207950344
7473797700
4764577911
8051599470
5138271265
5909022967
288836087
4635896774
52051466
9792663515
7640005896
9339928766
2829537930
4881421629
501731164
8838729545
5392682851
3485999357
3676857188
4683689501
5052152312
3657298870
2298244566
88495086
2492169221
5207618276
9067739127
3786572822
2433679204
1442822407
2460991973
6393480825
7568471004
1763638935
3732119603
2829538424
3400937564
480420746
564157851
4012849897
7294651912
3472230091
307617931
8220412330
5758925432
5737747778
6279458089
9792757385
2879418392
2181224465
4650289561
6754825559
3760654960
11751728964
4296700092
72855295
5554065419
7181452217
3629413075
7999088401
5110434517
5250932835
8557871431
4263278691
5737198833
8395136279
6247664891
4287906793
8374000518
5834725609
4263273897
399609903
5965598007
6691853523
4220627956
3809258995
480420496
10796381114
2906571999
6754793561
8267403622
2598275817
1685440660
8372916849
2987911441
6158583485
2262110969
4680179205
3207167997
347112290
9254696263
169894272
10720025863
7621485256
6420941253
7639992150
3732915768
6829079146
3259031037
9504069775
1685439082
3294062015
5960555206
8051598649
40220519
4312636941
3306557491
5782604289
4711348349
289611395
1944634552
4438562503
8396196432
339510410
50494635
5110162700
7294672286
7621490054
2881963256
4016740594
11820122953
2633432523
2262342176
501761869
8365018368
11820120073
4409398014
7297934902
6494704507
3629163439
121717601
5618076977
3352292923
8684212773
8104354311
8493324986
4286182811
4685001363
7381707174
11367797404
3207253225
2610057761
70503411
3473162568
3759257079
3292900142
9327178314
8020591964
5339504474
487262792
6624553847
1850437547
9792654495
5398442151
5096883348
3194523092
8693891765
2599106838
5542981212
6159329428
5618082961
7754466100
7996679491
2829748335
4822524241
6971253085
5636314461
4230574853
7284062702
453089812
421994283
3821450103
8384439112
3633366466
7948871370
2772040972
7948991128
2166542014
8266180779
6908261090
7996693101
3173336908
1428404497
8513655611
5129781006
421994369
2453301127
11733493356
12473411905
4685000051
2392036795
6105742094
3412641574
7545558754
3944418229
4383183440
4427653046
7568498476
8560183303
4889826160
4401505185
4132501207
8689639898
8658660241
7754471800
5051508521
9027337533
2202466998
2921995787
3173167500
4806006054
5038776168
3298560930
5715966740
9548413276
6908787687
9423406178
7754466396
5801467175
5446933791
9420637451
169893105
7468178994
2599110112
5327198969
1486670103
4286923810
2220312874
7201320344
453088898
10719825096
453107235
2828702301
4438567645
2951064223
7949049474
307617886
4439343790
11217243163
2974629162
3416539692
12394625055
5502970794
222166701
421994350
3307387676
2830587782
243223344
4806007504
4806007504_1
3822262796
5455990367
6828814379
4738421388
6077451511
2313807296
5394720638
138909924
8560183049
5835177370
3160486773
289642843
288842732
3630233340
2747941419
6970820032
2976179201
4536884757
4622498601
5134809005
70503283
5782612605
2690965424
6183154066
4012849041
8047219317
4424707439
4822521655
946558196
3230913812
3207176655
9420640985
4476856946
12497320934
3298517012
5199658391
2778848263
8717206597
729287176
3833178895
3663137760
121717602
487509630
8395113713
7621473930
5937151975
296040325
4257660395
5987191980
5734110465
3676729687
290351948
5135420928
9027425329
5928070030
6393472425
3530767989
6159297676
4348309547
7381916912
5440914078
7468149150
4316702171
3580293337
12496565503
2831723610
6092892474
5910102005
3769128287
421994427
2800875062
50729167
3677655946
3309860357
5527856931
2824302459
9423410798
8047222928
5783147384
7621476628
4746428890
6045506808
3293118354
6908254370
4092170995
5170045744
3844097096
5782580027
185127156
6828766357
4882108722
6098967815
12497128795
11367710756
3259036071
3551796565
8523324553
9557820464
8991095498
9045137136
5061770993
3179502436
4316754111
948727397
7621482824
8712618991
6779632264
5082875009
5568769795
6178565409
8265465341
3294926336
4263276405
5959997957
5134817803
7657020532
2155432849
4220613318
6279453305
6492331921
5109416237
3843319247
3310629850
3821655525
9847031213
8266333697
8991950803
3759303603
2800022495
2904232819
11732748375
135049429
3862839903
2707217746
4889216723
222135524
59041202
7189687334
8395122203
3292081585
6044975521
5111052798
2220310654
12497065235
5669720195
5819441165
176087515
7225653660
8301483193
4685633294
4440878827
5361689701
3092717999
8365014268
3435585816
3720123843
3239781990
5258170019
5538907257
4685634504
2155435775
5910658174
8396193130
3294078901
3416494592
7796618058
11516315035
3118939717
72973491
2219521021
2982903349
3298273427
12281698394
8665837568
5715451325
8991128682
6868463116
8754314739
2685907307
3822257786
5631279319
296032600
7621478192
6280499600
2166530664
3944414851
8653286717
2607614226
5175914251
9538774254
5758921508
5601664567
6247666257
3410866204
1490271201
8665835354
2298252544
88494956
5258179399
8877203469
8020631558
2829539204
4062569581
3773755365
218443542
8383348833
4313371366
6279975794
6280417560
2432862785
11865972836
4672308602
2166529822
3299102656
1427823233
3215991839
1763673039
9844371685
8556155993
7381824992
6479983763
8045917405
903781792
185128007
8493296918
4439344778
3416529914
4062570069
10796446424
2486786062
7782676008
5991877113
2155438737
5163879207
4216523515
347111759
6300251471
4424354946
8207583119
11401079976
2615746347
5251534830
3677655026
9557333658
9792763474
477372419
4988731805
4310790763
5290290829
501778315
290356784
1673365514
476507678
2998910511
6908262278
6886325032
3778052138
10754361846
5715994160
10892462583
3821453739
3677644214
6031579662
8301494923
2729490129
7321201938
10658246995
40222623
11702889924
6492323329
347111869
4263379025
4286931914
2633493377
5350122803
11367749426
453106757
3230913292
347112658
5632512890
5096314743
3769399435
169894219
3306554937
10794458684
421994294
5118492449
243223453
223803687
3118586039
9535948987
2999751672
2634283010
5559130836
2616562156
84532558
3821451931
5091310402
2902685959
3485941445
5511266188
4598255209
8264801729
5270770709
3638208265
2630671840
4900990689
3779296572
9554397299
8330800385
2177984271
5927509527
3581097520
5100256572
5038155453
6248193324
4636268953
4424352348
4764574819
31735699
4062571667
3834640843
7191682578
3638251767
7201351082
2535213665
3030190682
501796631
9035177083
7948839448
2903526246
1490268307
6248177408
103574232
10195966583
3435157084
4263274581
5128353898
8582151364
3294124405
5062387464
5962310647
2219517409
5128347276
296036813
4386207200
6393469985
540057601
2166640208
2313806826
3630191670
5820001854
6908254000
2219519157
3407588881
11865978146
5670289852
8047217441
477373393
2831712528
1808089009
6031579308
135052383
3029355467
3299260714
4734115476
416345720
5251534158
5170041546
8247197197
2987909677
4090707851
8267375900
6014452870
103573052
1464161634
5527872343
4166930352
135039604
8688480101
5258788846
4684246156
5554064813
3197210759
4476079117
2479738524
4760053519
38387743
11367760666
4017698526
5866527166
2599312272
4846888849
8561288412
2892264371
10796324356
3113303153
2219518847
3398318160
6183109810
4536885673
4268081161
1698067249
2729398997
2132188900
243220569
3103007040
3213771883
8556155563
1491134412
5966004686
3774468529
4426886553
9257467100
7545559118
2530717492
5038159909
4683480527
4500230381
5758923594
6908252562
5135423086
7949207892
2973797889
4426896357
11494476694
4219774445
4771813289
9027397731
112244042
6246445413
8372890201
2686712866
5229638919
337226939
6077516071
8933604303
103568430
5951178035
1812348124
8593746331
10719831656
2891518357
4989345320
5758370319
4133265684
3531574692
8933609163
9847050854
8027042270
8047226598
2974633342
2974663894
487643341
2983760098
2411757963
5950741397
2981858036
4424355700
10719728165
5937710790
7032411801
3471787882
3485949813
5213996871
59041358
3843301371
5110476567
5061762551
9524741891
2313001011
5229217501
2695689161
11494476485
8051602822
4013618206
5038769684
6624557893
11497536
2758296162
4025944623
7381767396
3434361581
243223285
5178267201
416345717
6178587701
7846944456
10892195586
4818781521
4650317765
2906577391
7621483744
2461005599
4960117501
3388815995
5063542374
9545326009
169894508
6178581247
4854744441
2829538628
4017744304
3821454899
5975724871
6932994858
6886316262
176088141
6479967277
2178009779
5327195087
3945202422
501760895
3307388490
4063318122
3804461369
4764571853
2903470430
3759169099
3145630170
3306558303
12496940295
481415219
2976181
8524432176
10195707104
2486048401
5965409469
5456565168
10405932235
5688012049
416352187
872143695
5041772573
2598292317
5110169706
7093077551
7193299138
169892994
8633728015
501723368
5617739573
2771195589
2976189
3821656975
2973783529
5042415222
11941303485
3160589431
6669394175
5962926542
7748961958
348579551
5500622679
121465108
5602248226
7366679462
5062925891
11848435566
2450216244
4425470286
11733289864
8991972315
10195601364
3259219916
382180583
2299072420
2064729793
3457811362
2899148700
5379788598
4451586904
3213610937
6182584791
1594465288
2779203671
2972886257
8755407226
2976176423
5207619966
199555622
4439035966
6896216106
11217134334
6739488965
4500925666
6829098254
481414417
1889799985
6393466943
6886314728
3439828449
3299261820
3760187530
7511109552
9254689129
135403439
3435368358
2482764143
2829751953
2178639350
477044465
2758295922
5950671491
6880116585
5083471958
477345920
2366447323
6182614679
6393467823
8027033562
2526822293
7949014264
3676723431
301664031
1900855676
4805386049
3172500399
3629159169
3722582278
5959969353
10892194976
11865972686
5052652092
12281878306
2779701876
5176521224
6077910084
5096315913
11702490555
3778487203
11865430733
8047221157
6910930333
148880501
7979813277
4702122163
4707775924
3435563002
3770210866
3567790093
3838683828
4078725092
11732393785
4012849131
3292095023
608542690
6393469545
3980167079
6494688491
6077442803
4263280839
9282550652
11401098864
2355546106
3207995524
2262338654
4554246069
8047223406
4263381473
4106629292
5554650108
6915331919
9838954383
7669793312
2690953116
2181224473
5688602988
4547380971
6491459625
5110017396
3345798108
7037631873
369448727
1426502085
5229639759
3793501173
5669721997
4277633874
5554064741
9337128659
2166535100
5096279109
6494713897
336301787
5153729673
3443824338
8373986714
5138861770
1712659557
7297957460
3985550
8302540384
9324393411
4459176836
5229639031
8190315990
538263063
2696165073
4855337804
4288648884
11285634
9004171684
3940916652
4308743207
7621481014
12181469424
4166938142
5271377030
4012848937
2922816914
4765206950
12394813545
3770063713
6179095564
3580290951
3352295829
9847052326
2598287827
3774810315
7193009490
141676774
4012849233
5038775500
4746393844
4889207749
38388916
5377710683
5631278579
3274153293
3769414581
10795262023
6880116951
7931053644
6932994294
2976213
3980170413
2115455536
3985077169
8301494205
5271368462
96842062
7037633887
10536056213
3297727311
5111011712
5061777521
4476856270
1429288190
6491463861
9324375591
6178609453
5128357596
4823132978
2976220
5782587421
10452862095
6691761453
355400046
1429294428
222210641
7259465822
5170038692
296736016
5118493907
5898741904
3298433135
2202481442
4286923028
8582152490
3944409335
416555267
2530722110
2356261145
10892194156
538263047
59041346
3239781062
4635892626
4702788468
945319185
543179799
9339931348
3274973326
5110456339
7568507416
138908525
6182610457
2682967547
5502974018
7042303071
2778342839
3770747503
7381937950
3769118443
7572898836
8514769872
3093564182
9529796512
3581135722
4537520576
4989346500
8933603607
3560383506
112244447
539953748
2177993607
5563453005
6077891352
135039961
5138864974
5229818206
4500883066
3161264431
5951719600
5090713061
3294950812
2277359774
6991343152
4846891629
5134618198
4220640906
176087209
8432860618
1832533352
52052550
2367250226
4456203296
2800027169
6828756695
6107977467
6158593295
10195882726
6492353629
3207964026
9000924112
3213272217
7381807380
3161262849
3389625072
7468187606
5992430950
9040628097
10892462413
2183279459
1955829430
9282555290
822304520
5134695840
10656743583
8219347763
7545557102
9847056966
680394297
5962728317
7639986630
6624633633
3299113566
539966422
949554410
2298257124
4684325374
296738580
10892161045
7754472936
4635897960
10720074313
6970820432
4476856880
2198535282
5110019082
3580295641
5991876581
1851537978
7748952300
9844420835
3020386076
1861199892
487666298
7979791238
2559568764
7572879188
176088331
2477871906
4733513733
5109561257
10796085566
7468141678
462896945
3102174199
6078127064
5096912250
6077850234
8432750536
5502380625
3884662103
4678737118
8989926863
222149556
3093561204
2922795314
7042236887
2892360546
8384432586
8838678591
5200254472
296028136
11285515
10498114484
7568463658
9844486793
8492106849
4460285544
2829747023
5950680091
10452204986
421994338
6691761803
471159885
8514764466
4476855358
3299260498
4823143418
9285920370
5497388857
9527521558
3162100804
3770006391
6045523048
7782729652
5542407583
4268828872
8297104113
1490273857
4426919197
10796304015
3470954391
5059343337
4316746457
40222616
3194517830
4847512108
4771817295
3398330080
9003265551
2973795209
3472449933
2634252594
5527865507
8582152358
4650302883
5052131860
2463787037
8219345625
4268082663
2486822226
11732230455
6975240107
4286189159
2461840310
3172496917
4050390500
2921930457
4217306090
3581099408
471159765
5096875304
3567985611
3238907655
5454161895
2165736745
4598244365
3769134635
6491461471
72865178
3239776630
2620006557
3400939280
6280549492
8051601508
9617664129
8524417128
70503247
6912342291
4707179963
4264139886
1763642759
6933001284
2951841806
296041301
11751716684
7259492194
2492987710
3309899746
290347029
3821454361
5551057040
2982903253
4854740737
7996643779
741255719
5898175457
719874647
3822259678
4386201980
416345714
1428614380
6274423779
2778877037
2779716348
7462124956
5038775178
4312634071
2412475388
3435556260
3952254100
3830534392
9029637884
5270773357
5910077683
2690111475
3389627808
4313369118
52052758
4012849801
135115983
811688950
4989359664
5091309912
471159613
2050957256
2780638617
421994357
70503668
8524273806
3238096212
8263920145
4882062728
4881422019
3413194079
5538918645
5214586746
2633418313
4531527508
4532153496
1807316072
8514759660
2297463887
3779301158
1812346442
3486001485
5109583657
8045921887
5951146197
4439344466
5134015125
4760025011
5502387039
487289789
8104370020
2411563411
5236087833
8297428311
4854719231
72866324
4216526269
5454773902
3389624448
2764399631
8247196215
2310975000
3952873534
2634310020
8051584689
2634254018
8228431672
5652457927
8228426468
1464170518
4103999082
3171489052
2313794806
4685641418
4168074305
7225656268
2156224882
3834625773
3899276739
3092724249
9637068712
9339917084
4479257570
3829738107
3944724351
11345647513
3472330055
903790604
47167869
4216543999
4636373298
8185759807
2178021481
2355224669
8343225304
5110026998
7931058042
10753856126
5398427797
2634254778
8481041915
5338890939
2392835410
169893197
446147662
8228431368
4702122807
2686709276
339503934
7462076970
4107880947
421994384
2988768224
10195933195
3664958553
4846887335
5569373536
2349265024
2165746891
10659964794
2166540244
2690031153
8718332522
3103006230
2531726228
3145656440
8020755507
8839321734
4105862127
5134728523
368382456
4382420643
8027012353
6292210355
2983759370
289509603
4478632177
3259067025
5338892397
5497692837
3413187501
4107897723
5758912270
11367716826
8810440549
3834138296
4016650654
5096878634
1523263873
6150928494
8934222904
4268828288
9279767211
5819443289
3952870058
4166936124
8297090079
4004949705
11933273473
6178597091
8634838736
3198048964
4471758695
2976144
5251535492
2902591727
2830586752
4769080240
3568604796
1672513173
4771816811
2829747487
6494668899
9847103976
4425466928
3945498430
7189761950
536008018
461601946
2219711553
5285625077
4026696776
5989441049
4316681859
4104107996
3567762071
3830533352
3899278965
5688007309
4221266668
1685437786
3396194692
2874444931
369446541
4077970907
5960555688
4882029298
821431857
9327110356
8557266074
4107891155
5038156875
501786641
7796627154
5271383902
10660045233
4107881817
222138785
4459178306
6247665743
4598239599
4168835572
8302542098
12542194
307617851
8263965931
3754586709
3769914248
2482788211
3161267785
169894832
7333983826
3834636971
9846930764
3310625824
3393040676
4286916166
2350206473
608547460
7189752932
2830585968
3213336488
9423409782
2710777669
2843414085
3687299229
7996662243
3145664852
6274411655
3173195672
8302539206
4882028904
50742725
6971262567
8432810306
5230231632
5962728323
5399033834
5951684974
10753880654
135114980
2903435370
9423397566
5865998709
9285930254
4720890011
40220522
9282586236
2620011333
169893635
3725184123
6280505010
7568477022
3825228367
5636630061
5625771160
5271363586
9793508173
4791687247
5605009338
9423415856
6183112194
7468158268
608304277
5324578005
7315677238
347111698
4721556302
3980924038
2277357422
2686723074
308604130
822308166
2362685888
3274973958
11367807584
6262631762
138908177
4707775920
3298433747
3160497097
193797926
5962378219
5061776617
6247665303
6828748431
2829754583
3717669919
3795733392
4263279545
4107887033
4168833746
7816994786
4960131103
9037390000
6045504436
5270752231
5670292258
8396184702
4472159392
2313824004
3965822399
5618324404
5865970925
2696161100
7381897318
9339938192
4050391020
3795731120
3415764411
339509632
6279986418
481407168
2924458921
903781838
299118588
290355495
3788328460
5038777548
103571386
4738035332
3908989117
4230506943
6151656284
6158794323
3317345326
11367687715
5527860673
8365030406
11497521
5618323622
2262897838
1428780040
5959992363
6908256748
9690554722
4107895469
5128352008
6274420141
8373991722
6279982412
2478925841
64198400
5569328158
2634252000
946578990
5715461357
4847511916
5138240457
2828701349
5110554397
8363963955
84441153
296738576
2907068295
2779698826
4063319920
4438568385
3413711928
4855359798
4424710395
4979732232
368382247
415958652
12497291294
5497684833
4225600815
1429326778
6077356765
2899117016
8247193673
5834650619
820540882
2690160919
7669778380
681301346
8717210207
4402903800
5270767869
5119096086
5951687854
6754859387
421994302
9254697233
3145659140
8686233240
4258414830
5898162139
2262345826
5866559996
6910993947
5951168411
3436239581
5041767379
4476858062
4826103283
3740146414
3299257052
3770431016
2729466735
2907426412
3980164081
4317467692
2878584519
6279981036
4711995478
421994409
5096285041
4439344256
3775516933
3771560958
476521563
5966004664
2829539274
4079189370
5652465827
5229818440
7959557782
3764980292
4745768037
3240111388
7949101452
2253323890
72860398
5716020802
4257660145
5111080962
5286223914
6829116522
4746366668
8513649591
9263060779
9535909325
3980925432
2114669011
12497216703
3145653644
5134828079
2477060887
2177988767
40222619
4854719689
7867553528
4458397675
2951950136
5636868648
8557265366
121717603
7748962450
9337152291
169892598
9524802541
5498285846
5866561430
2313044951
4440874523
5960540752
8189229315
5550461819
3434856139
6602682907
3030189988
3720935484
4012521236
6279969201
11933493993
2830583346
8372935057
3899279153
3030190776
487688433
4678489785
10719822535
3769138653
3207098091
5960505480
3944416479
4822522725
6669384621
2261571481
2523918981
8839336296
7756539448
7201340360
7352696164
3908173658
10754272665
9257465076
9254682733
5497980908
4316736733
10719988883
3299113152
2921958007
2483574130
6886324094
6931850042
40220520
4140494070
2779738426
5361686565
4685006987
4440874655
7381927534
4760826277
6911130395
8991943745
4168830976
1861196106
8207582553
169893485
487287905
4822526915
6263799451
3794899663
3274974494
4086056583
8991955645
5550458351
471159319
3103008752
5497694809
135403418
2831758218
2337424793
446153951
2771191157
1426433995
2980999601
2800875336
5715982488
4888932586
539957148
6829082886
4076509332
6995023041
2892254997
902931209
1709429962
4633642584
3433126764
3568580402
4258414762
487263368
3412912743
2298251460
2356257745
2633417607
9250902835
5625778544
4547363613
11367731175
4889820560
5502387977
6178572983
9792784116
2800875890
2262114667
480417906
3388816457
3769398061
4573469955
3717673599
9847029186
7259471032
4823142584
2973792977
5175913491
7796624328
4026692112
3415726561
12289151284
4219888157
4746434804
7225647014
4168837448
6912342569
6491461031
7931060050
5128345548
298346556
7846965770
5497986160
2220312598
9423395702
416554452
7669795154
8619071672
176086987
2216544555
9293203524
5637293550
2262366628
8514763212
1979433292
5951657494
5636302173
5528472292
4899568237
12045478526
6983364903
2690113223
4644683392
8395130859
8181777060
4049644957
3299257220
2629851239
6393467375
5063541722
5782598719
3471778308
872985950
477363715
2483590658
5959959399
2830852009
8302546500
2686727136
8284227035
8045916257
3805518422
8298434572
12394680724
2298257598
9847007276
9324370737
4108653560
2199742801
12497234034
6492356293
5061775187
2682980481
2690004771
9420660041
10720112543
5176517974
534636361
3178669733
5059954072
2772036760
7948900922
7568468096
3380078874
8372892473
7814794598
4056769011
10263149134
9324318413
1831692999
218442238
5960538920
2533334430
5450278548
3775286010
7410386728
3470961005
6491463383
10686686044
169893971
3397529403
877384903
2682981755
4439035296
2532642343
4168840262
3145640418
6151581182
7572888788
6624575811
5214588478
8649136026
3379488139
7189294274
5612270238
5670297892
2198543144
3779860105
5038158893
2486051251
2478873975
11401200993
2778343217
3035203913
5327807604
9844222264
2253322020
267986381
5960536480
6886315482
5336576895
4264023358
4016771837
3951520407
8978419236
3985075445
347449936
2948863377
11732863965
5642967706
1080650308
9364960351
6459898557
2183301183
5542402543
141676685
5269511496
4685634044
8021565580
6754842711
4805371907
4805371907_1
416345703
2634267214
5636720927
8524286150
5498278912
626429569
7572906112
12497053754
3093560172
3773757247
4316743975
6279987718
2209780543
5096313455
7978950805
5251536390
5835243068
3307350379
8020727307
8452020262
4650275407
2441447770
4635895062
5653025752
2338258414
3829738763
9524730919
3198050740
8934218100
11217146714
8219346403
5835185078
5096878246
2363348833
4854742011
9506873544
4476080501
6246446035
4459177390
466220980
5801467771
5862117267
2696970268
4349122720
421994323
38396135
4348372947
50742683
3161360166
487288433
290349674
2800870804
52051877
8581050913
3255623987
7949109780
2530908841
7572897612
2682969195
2706097051
4026698104
2337424645
3732075215
8248260144
3717672447
4760673700
7796621514
308613113
5502977988
4805378823
4805378823_1
3834632603
9293222286
5230231168
3657298650
5962387175
2697060262
5992431508
7259484982
3630193866
3161412996
8266528200
4108654984
6045508512
4598238923
5636692267
8523314469
4635292975
2962506932
3530775049
5670296752
394174579
7783924186
8431308366
5611687251
2214646871
11865424513
4822523027
4805371335
4805371335_1
6739491561
5737202051
3769942572
608540186
1427731797
4108663816
4441652870
5338890507
10754351066
7536840750
7032421177
3410044181
9040630137
5819438633
8044755598
7225650442
5909971151
7193434624
3030190894
3667476935
2463774021
4881498543
2349263684
3259411532
4458397575
5989441205
6159142818
2781496672
9857556716
9293215044
2262894346
7259493268
5258780260
4912712983
3677693352
72974619
5951174457
103560488
487262328
4104103096
7782672838
141676823
3830535032
6912341307
1979427420
8266176663
2392005615
12281316245
8314754328
5134725079
4854720307
4075755389
8045930304
2948847131
6179135732
633466358
2165740695
7294699834
11732354385
5455973077
6492376689
8239290674
5625768712
50729266
7867545190
8190317898
5059955700
3985836358
9423398520
3092716777
9792709704
2219523233
11931826675
3829737429
3692619372
3298274891
2696652964
3144840151
4258417618
3298320869
3795731758
1832529568
9000932620
2463793937
4855362442
2357092050
4016826847
5176522936
5542406583
2886513934
3178664767
3171494112
5959997499
4989336690
4720899343
1713912928
5038779088
9637074880
3853243966
7201337188
1684589201
534636363
8992695386
7042306417
5011625981
6491467273
2392821786
6348991474
10559720545
2778909422
5169435857
11367841723
3160445133
4598250239
6492339963
4889200657
4647533390
2892256701
8314752968
7782669660
2338258648
3292117677
9545641061
8557876311
4348311155
8190310540
5169442859
4264031314
471121004
4062567643
9254695337
9538749988
7979807123
2355546016
4881426535
4702121243
4423593135
2907432762
3292317977
6739487013
7728439696
10892302134
10796261776
5245196553
4049643997
4439026950
24333450
2454740571
5966004680
2983760000
8219342345
6602680623
8724766937
11865978416
7568487930
7669740696
7949093624
5038157503
3145628812
3580294479
4438562165
5454244535
8045925810
5038776816
3843296395
3043871600
8051561876
3470294356
4476079181
3486806664
5962915384
135051639
10719926344
9290463533
5966004670
487693101
5866528554
7981954679
3207215247
3760515910
2697000780
9637098168
4928054552
4166172947
8363955303
9535975141
7193109366
9423422278
10452444083
5542977674
7077928479
405023985
1523281215
3144821887
2907419942
9504072991
4027644415
2706918472
4455433635
8263939731
7748961536
487290291
4049645329
6077486331
296736020
4528643888
9844211954
476878108
3834639707
7468196656
10659610274
3259034411
3531586644
4476855112
8190316616
2974641394
2382774574
5502383739
4574103766
5542402213
6930840176
9364933303
5131462222
4481578877
4764574219
6491465199
3769135761
5625162585
6492379519
7054346561
3485985187
5144478508
5834678415
3486762700
3298325581
8047221032
7568474482
5992432566
8116493817
3486797886
5475279928
4027655541
4027628555
9960455216
3687293943
4166941366
296740233
6158816565
3311249485
2981859930
7572913482
9254685133
7996639475
8047179310
7669688356
40222620
4847508172
5642396911
3833338131
4268083017
3770432440
4966794437
3835427898
9538710516
2706918582
7284053334
7294693332
2461004853
4501788190
4889820746
6669391935
416555018
2779729550
4263243247
2357091390
5110465307
4168070695
3170659495
4476855160
2778867583
3415804167
2114677653
8395143153
8045915251
5910079335
2392833234
4027659893
5052130916
3834627447
6031023157
7669780204
5965483157
4882108290
3433119864
4026694764
222163079
3688101398
4268083377
5270763611
5502374037
4823138672
9254685959
3794909783
6491467667
5213542757
290356084
8140825048
471158657
9265771882
3298515160
6932998764
4733413255
9617663181
7545558604
8513656303
2357094424
735596824
5991876885
5009412652
8248245890
3435457260
4476079389
7381886208
2366407579
3099698932
8695014192
4598848520
566300201
3416544132
11548229355
5550442083
6248176432
416544501
4760680542
5110023680
6743328533
9282579316
6248193828
3207142033
2337424251
3769232449
7568465888
7255517110
2800026939
6274935598
5637233342
6279975618
6158689283
9538786930
8104366206
2974669464
3944725421
5143874031
176087622
3718482162
8247174835
5131462330
4531681633
3677557996
8582152602
4015325236
4013616730
2166538070
7201326520
4988734979
9506844954
3759877843
9792727203
5758321267
3944406887
5246235280
4264127650
3844066618
4049644885
4498245538
5497682231
6099515968
3581134014
10753860484
4476855212
10796281115
2830957447
476510760
6691919207
176087097
8020714043
2779695912
3388814039
8247182899
10719842495
51548449
2457745846
2800871058
3259863278
3829736243
1685434866
5782582075
2906578189
38399148
8190308730
4049644769
5456152037
2337424539
1079772069
290355908
3352301331
5866529014
7748955696
5951679048
7167485351
2392835042
2630639272
7201346064
36107502
8877224307
6279460063
7201332494
4479258406
88494548
4683477697
5960517010
7193104056
4104110954
289640683
1698917908
7767239584
821431967
6279974390
3434567667
9844318876
2943175092
4012849965
5454973641
3255618721
3809239067
1685436554
6158694333
8839277774
1618199054
4057508220
4458397751
2351628249
9293207026
2800870418
6896145452
5625773610
6491462245
4050389654
9203112839
5965483149
5042020745
4050390564
4720891855
4548003318
3259867328
5951279654
2313903253
5566463504
7970026090
9617662661
8051591272
1806437297
5041872853
3043544536
10754056253
7545563574
3249151290
8933608283
2634315496
11367820773
3297685197
5258169647
4711995426
11494572763
4598256659
9027464697
8301490949
1426473017
5652448759
4382797890
5962940222
3843274923
4263387515
2676130413
6853242318
52051593
6492335561
4518837939
2366464007
8189227549
8266544288
4268085119
9617662087
2461838546
8415498417
3862837233
3732888152
2115446472
5612266992
5164486340
7979801351
10660062233
8263917479
453106963
8653279555
480419960
2381941563
7316675006
3485976381
4013616626
4049645675
3398324266
3178666743
8877228503
487290807
3844086536
2850161554
9337129011
4554231549
8263922931
4050389546
3142947244
4814750197
4050390886
11733102976
2829538812
5625754642
2258160457
487638965
487637593
7698246
903781822
3299113906
6739504555
4262615328
2277362222
5214135368
6182579297
8363957247
2338259044
3732911332
7076962947
3413127243
223914037
4028388706
5134812499
2908480738
2706918184
8634837968
8688502535
54427339
8989902981
9504063229
8838701083
4286195785
6943832696
52051938
2216540933
11733036173
9016330414
12281761964
5327197291
6178578153
296740225
3516536035
4459180662
4166940418
2454740575
9617661329
3471793832
9792667384
4050390666
9637070394
3486775468
7201347740
4791704809
5268904045
2982903439
2477871254
8933604583
2293879588
7948888948
7948795526
11865559554
8248251720
6183133216
3036035670
4650183745
286430209
4979123403
480419820
5653025092
4230569443
2830930075
3732129443
3486757968
4441652298
10796422683
4928693106
3030190566
3866452021
2184089934
8756072382
6669396721
4166168979
4106630422
2313044423
9069966916
5052148870
5670296210
5834698207
3294094001
2614372366
3379491345
487692023
4257658009
10659977343
10660106983
5269512796
3740006657
8365026356
5634382418
3160663901
5128339170
3317145289
7344309498
5229639229
6801572484
11702906164
2252520847
2634312712
8047217741
4016836935
3900060798
486486771
5737200773
282328625
9617662393
7985003756
3471789724
5038774842
4286935686
4440874351
5455583132
6393470559
6754866751
3676764306
6150948924
5001745154
5670279820
7201353582
2463752189
8051583006
2972872955
5866554618
5456826924
3944720925
9203111957
5993419426
4644065107
11702609283
680313683
6864742632
7008052793
11702937624
11933453424
2337424745
5568738301
5057268406
10892195306
2779198886
7931021112
4815293126
7193384172
4476856682
3294097959
6279965095
350308932
3200096481
2633421419
6274414743
8581051105
5635242532
8482134144
4012850819
1079760961
7796609008
2165879901
2337424153
3030568772
6158543528
4476080461
3739394657
4439340094
10892463543
307617800
3433124884
5052126248
2778861397
3102901056
2392827886
1799274620
2830902241
1043162867
2630630766
10660534024
7284027740
3835435622
7969160832
1764492226
4268084539
4026690998
9265835016
3862885131
8020635370
10892160725
416544763
2078747989
3179505860
2800027615
2533475250
40220523
8839339706
4268085925
9844532643
8997877055
7259466586
8104365500
2510454848
8581050273
3298285443
948517193
8492197487
2258171683
5965597991
2706918902
9283153097
5737199547
4889822936
8690059626
8383347493
486486289
3299100562
9792813893
2706918334
11467896214
59041289
5163881339
5543467632
2872336521
2614375716
10660522504
3400936016
8266274967
5214132904
309043880
2922784790
3834659141
8372898521
5637270246
6279910199
4528643488
4678405185
4711986072
4805378035
4805378035_1
3471781758
7259485350
6492329481
4459176664
3398303642
8266304841
3298324867
2676126339
1894854074
6910923603
6828825667
3638276555
40220515
5338891113
11702707043
3739398765
8434377050
8248244294
5456601624
471140386
5652466389
4440874449
2524762934
5213559317
3764980144
9069965246
7193177754
11165601563
7767233782
6947680431
3255625935
5688579490
84441168
2461838666
2463789333
8044758376
135116398
3795732278
4025940717
11702793714
7931033728
4132507059
218442599
3825200937
5270765101
5175916261
2950994233
6947680077
141676584
3567766835
5865973377
4405330628
4050389952
2492113392
3639024980
10892160195
40222617
347369751
9420661179
5927507581
2676127989
2921968941
5910655870
72859222
9042919527
562314127
5327807172
1956115826
6915332073
6896217282
5052128624
3770033664
2313009581
2949717004
3718485998
4960712700
3294903108
5528463742
6997717861
4438251523
5637182266
222181157
5554065599
5734661194
8004818924
480419186
4534113784
2706099761
330074636
2800026713
3145646292
5051515825
11702694703
10659924666
6739494085
8933608673
8492178225
2220311248
3830533180
7032421503
2676129841
9504102725
3299088304
135426732
2381941393
7983746133
4455432619
3144805879
5498286750
9506849530
6930783238
6193771892
9337139389
6669395371
5612267858
6492354893
4649244270
10423178764
5669701655
3353122928
7978948686
3299261094
1693646001
2261567355
9844427733
471139781
3830532848
3718483390
4479258876
6491462977
3145632876
7294703912
6912340885
5568735605
8933608827
5527847393
8768541971
5213539481
9265839208
2131411401
5502375353
7421929486
5134037025
3193674717
7754474014
7669667584
6896175006
5569321452
12394260295
4107884203
3313254336
9809868413
8581050367
5398391453
5652464583
6880123541
302435189
2976229
2706917478
4760073205
4720907573
5991873775
8220414854
2351815411
9364892913
10567356683
5199669679
4477035103
8220410000
2313793778
4017587530
8104349367
3413130103
290360858
7796643528
8524266698
3980930572
3769932632
5271360770
2357090456
5327806532
10452363613
3299114366
4849533980
5569340632
4459178080
243220388
5394167331
8104349899
2412473818
9844193504
5455586790
2492112736
7042298535
1807288870
9844395755
59041482
9205890218
4262437830
3951800783
3952579860
5052130156
10659584605
6700332883
2219523735
2198567778
5111037314
5287120473
4981209783
5551059284
5910548240
9339929824
5454974895
8190310040
5758208845
3162088564
3740182754
1954858039
2464609084
290352615
5528474866
2313005255
9159992325
5962384311
4806014250
4806014250_1
5898725970
416554563
7193127406
4720894817
2131411135
7259497062
2967980386
4107894189
2633428697
3400934744
6262107581
8363943841
6045505368
7708307688
5777307730
3274973614
2676127513
4025936643
7572910236
2629831173
461602133
7381729876
4760826641
10795242033
2903524322
5350736476
7977649149
3207111289
2921961809
2908373128
477366829
471139704
6183093216
2733066880
3296559575
6248175984
4685007819
3985761536
8016523691
3934445785
4277654784
2629854379
6159319674
5258182991
2629828405
3019561247
8016526044
7796629998
5118492559
4805998074
4805998074_1
4424351668
7191685656
4476079309
3389624832
5501209432
2460992107
1043162809
4889825988
4678489817
4734019980
4797549346
7931031804
4108657666
5542895477
5543481032
5834749503
5820004252
1954857979
5962374839
2902651005
3145634372
96838970
8020721629
3688093680
3795729358
5061778023
3862854863
7293028228
52052845
3739978971
5456739856
5498283136
2676126953
3415766329
9504044899
5653021618
1642763740
4881502983
3945201862
6274412785
453089632
5498276900
3779858283
6491460601
5898733584
6908261478
4745763089
3667053844
2338258482
5285625961
3795731986
2829748803
3309873475
7748953176
3732909164
135403500
8051597472
4847512208
8047225142
5542406929
9620898086
8383349115
5419267708
9567241713
3944717189
3732092259
5455974961
3543080943
2349257988
8126225799
3769113313
7225651760
3886471948
135051921
4678891154
72856276
5269513210
9567251651
4855356012
4598845104
4806012538
4806012538_1
3770029302
2706917288
6947680829
2366432827
6931847832
6932951300
4263277693
2695578775
11751433254
4685637434
4854723355
7980828412
4438252285
99211695
8384434722
9004444004
7748966124
5634045433
9857547165
2899133600
5910544912
5987181850
8330799519
4264051686
5866549144
3098866733
6705245497
2772039126
2771193635
7572911352
477374463
8264997786
487241138
7201321608
176088507
7381945686
3769935968
480418362
3030571284
11865978476
11367666426
59041159
2729652741
5127732901
5229197365
7572885618
6947680571
8220430998
8044746707
1850838881
5109590703
2212304635
5987181786
7201322828
8877204767
4815297254
7572893464
5340248760
4268085715
9015146173
2530728110
3867236296
487608986
4107900033
6393476483
222173555
289510364
5776754665
5962943290
2461003831
3809245299
2115456364
11702730615
627269522
2983759898
5633677437
5965598001
3173783158
3567803219
10719944656
282276797
299115791
7225670084
2732223867
6274417245
9506880930
7755466318
457715096
3710380793
8383346711
2903521994
476521675
285689351
8934222522
11932887235
5251533776
6947681083
4107885699
1618211638
5169439747
6829110588
4989342490
2454740579
1851633042
3126115510
5377710001
5543421034
4720906067
5542846707
6739503599
3397551299
5776755867
7774626850
5455589204
5658458626
6825144990
4814762565
6247663849
2706098567
3835444284
3029355103
5377709513
3443809302
5058427508
1429287934
3944410843
5096278783
476511044
8385232509
84444684
4882035660
7284055674
486456458
5636821257
8266314667
3740142670
2825137090
4184448882
4105862885
3732875654
5501212372
8331858680
1954858007
3019555725
2676945414
167199643
487658962
3313259918
3240111380
4760356683
4685642932
2366439529
9857738994
336303595
9545496881
5377710877
3170657309
3978328679
8581051207
5866561812
8839299322
6247666671
10452846246
6997718055
3291755114
7767231656
3677554550
3298320531
8617964931
8561274812
5455588046
8207582957
9567286211
6044961427
476520187
318465876
10660461066
5966004674
8051591319
4581439243
8690060316
2976199
5962309865
11703017533
8314754994
5315469321
4581440783
6931849032
7079026569
1427343546
5454976139
5338891415
3170653823
9367698604
7259485734
4769599645
7796614794
5497378599
539961584
5669726671
3337175001
6947680687
3740150104
949531782
4217289592
7193203806
3172446287
2683806696
3030190418
2772039580
9257474102
4076509824
5455585368
471119878
3293930572
5959963547
5378310692
2630632918
348579538
3688101934
8263975989
3691825461
2730473700
4547995996
7225654296
282288074
2412555618
5866538178
3940589120
7228796052
2907069437
3830535342
8207583991
4479259790
8576981561
6492327911
1850833667
2517655296
3568617568
1955158215
2676945944
6880119125
5138871926
5951260060
285689616
7201349046
2730271392
4450560163
339911248
4769609553
476508788
6492324927
3767041448
4240212610
2630646886
4479259180
99211319
9324361619
12394755404
9633836943
4711347505
9506917918
5134644088
347451895
3771568410
3770205488
99211785
3145638910
4636247391
5962382547
7189748072
4721555530
3691836173
2925208666
2142285729
3568646278
4881498167
480418206
2620834132
289638752
36108839
4881496733
12010718044
5377709663
2058811887
4166934588
3830535182
5096278363
5543423000
6040423813
5178401138
3029355311
2338258706
7721575202
3398261716
3470983121
2906583495
3976302614
4252617618
135422503
3825156933
3170653137
2479688606
4721557946
6705243765
2745260276
626425111
2132545386
5950736297
2482817075
2598278457
3274973852
1956115854
471121204
8326529498
3388816935
5625766310
23059365
5455589672
5819442989
476521787
5715411349
2357095710
6602678237
9545488523
135051329
7572895076
4012849323
4268083769
296738583
3230063703
10490159076
167196217
4574104082
99211987
7054350639
3434356807
5229208717
501746749
5898170771
38391649
9367735494
11349015604
3664958429
5159842047
7572877164
7698231
2682134054
5871984511
5143874639
487613500
2313910111
6866650616
5952562236
6158683895
7259487746
6970820552
290360470
4537525172
11751246553
1675682410
6739489903
902931237
96841974
542108715
96837831
4849516402
4276880289
2362686268
6491470619
4536892651
50729151
7473349148
282297251
416544407
2184117824
12394691083
59041461
486486707
2831800840
416544721
11932030623
486487275
10260620564
5872558094
3313264608
2829747841
3285844504
5038159283
5543485176
4225603749
476521457
4636860280
8773346090
3777252619
3492552853
8363946603
135403487
1428779394
2907425156
8557890681
4683693853
6226110353
7572890686
7196668032
4703314180
5394651400
3312398493
11751044075
3732906892
5872016747
8425694581
3388813749
3676039021
7748949834
3917725408
289503624
9633835821
5134074777
10536163974
6445111245
3944438441
4685636170
7225658834
243221425
8642245897
99211868
2829539120
3470959207
5992208941
6932954160
5378309948
4637020867
4764581227
4646920935
10452102556
2356405382
4796921059
3867235566
59041371
2277349260
3029355971
2921941125
5773527861
2524738124
1850421881
2973809637
4063319588
5758858754
3312442081
9339919890
3313056116
518891917
5872539894
285689999
4733384559
3570653642
2058915725
11751129883
3568637792
8363954277
5327804408
8331856290
5327195847
1306844642
2392830330
486455928
486487809
5500624097
99211296
5082887495
2729663827
3567700775
1880070931
8137624014
2365850314
10720090073
5178440804
8331856100
8044745515
4764582109
5551058100
8642247809
6262627314
8593746731
6279979662
3127265065
417537329
6880121837
5175933457
5653016770
3804449389
12288746955
5670274044
12394892604
486487119
4684103230
5327200249
6920275879
3398354030
12394506145
5138871416
4016940987
5625192265
4721559334
10659840134
2523921999
5633827485
5187098973
3687292105
2453298559
2453298861
23059414
2058915961
10452092804
4927444255
4960717696
8934218442
5082878325
821431257
5777298390
2599123036
3937929027
4711345411
5542405595
5339501822
3769402409
5872537752
3945509304
40220521
8384431504
6158828361
103569212
8331888438
7304463394
5865999403
3274154165
8664734855
596702046
6280510878
3398327000
1954857953
4841285059
4815285674
2780060136
7473793280
9570089356
5269511646
4402166451
4439034280
6799483464
11865124785
5871980827
9535935853
275686095
2530906855
8044757074
4569995457
282304862
4166176889
2517322077
4928098875
3944435885
7225660196
3239788122
3171487000
11497515
2613546193
5625187055
10452269596
3779308462
2811278670
3036040244
5134058047
7193427054
112243571
99211370
3312428867
2463791517
2482786763
1832545692
8839350484
84458398
40217552
9633827175
3899277945
8649140544
2629822093
2951965474
3687294985
4913332740
1850748831
4012850063
5653019042
4760086821
10892303164
64196584
5625749044
288817420
3985823224
2349256820
8267379220
1812348642
3239785078
9254692473
903781782
3298533854
84458576
7191707200
416555138
7987838759
6280469142
6669389539
3629372925
5625741248
2177842235
11941809575
5258178285
4423585993
7193374718
5625167345
4721559848
46428204
9548270782
5096285773
6774160794
2258183835
9637076308
5543471390
4797516958
1850761519
3944435023
2258177045
2800022765
347112521
2276558761
2998911107
11751052205
2313913101
3379261271
5500625391
4216527527
5377710363
222190662
5653019748
3443811134
38386804
2800870692
96841629
398654456
1763671667
6393469081
222153970
9364925377
282324684
3899277679
8642245515
7225967714
3764183351
5909974117
3020386296
5138256361
3710372933
11437345055
59041393
135405610
3780148818
3486785310
11733012966
5872570838
3312415455
4500879888
3900059744
2178791446
5258171321
5542871699
9205893280
11933848736
296662143
2465223599
8220432002
6896204402
2745262194
7091178095
5269719795
2706100063
477047199
501736428
4277652254
2903479300
2412442476
6669394827
2914167342
2337424383
7076937419
8365025528
2745260940
5009408424
421994402
2872339127
1763665829
3030190126
2676130961
6030248964
275686244
5543455392
5497362355
3493362646
2355273611
3945219566
821433745
5542884563
99211827
8839283512
4647554676
3794908039
4647546830
2681336999
6775122856
7473328636
4263281867
3985098227
5134662696
6868482726
299115796
40222618
4075754559
3805376786
2686728102
4635897572
822307824
3732925942
6491468795
8047220044
3397457265
4733448733
9568121914
9568122402
6700332213
5269513328
5394801336
4286914204
4711347835
8266301691
4745825323
3102751358
135395894
7284060516
2972869611
3297701675
5527867525
5872572524
4075754675
5834654687
9205897206
2129443949
3413128281
5872538040
5268900519
3185623536
285689135
243221345
9324357215
3629357957
5625194905
7783922020
5633727625
11285844
6828724543
5527877199
6532214869
4760828679
486486203
2517318209
4528010081
1674819681
821432141
4519468214
7091526959
3388816703
3769396501
5455578324
3274153053
2312250788
6705167201
8619074856
3834643787
4263382931
7572875576
3761037494
5134039337
7134958169
135041471
9339922364
3830534494
476877830
8877205941
6943820680
8933608989
4647554316
3630189388
72960265
6393466521
3827584050
5100271980
3101030298
421994311
10892194686
11751039725
2873164682
3732902264
4217337792
4734226554
8266337299
3200072527
4402929890
5258781954
4225595785
9504098657
2518138434
2836674932
5898168125
3470984953
1954858057
6829090674
10498353623
3393443276
10427994505
5542853195
7259479040
5144479708
8384431086
4647533964
4881426131
3082007427
4075754797
7193072572
3676830461
11751275653
99211351
1850401943
4760099615
7284051378
3985870074
4132502983
7748966996
3810082026
3770217950
3711187764
5527878441
11751292774
5871990869
8560157573
7089883505
3687292619
9690526818
4076508626
3274154055
6921238023
10497743996
5193321637
4960722076
2532647681
3313272320
9203108375
1306848216
1429280642
6669393537
3985873730
3568400411
2892908876
3886523042
3985087547
4519592575
5715459675
5213540379
4772453986
5872576110
285689770
5962924078
2681337007
2065524674
2682134070
5500621361
2058917961
3886520566
307605480
6908257720
2612111118
8933609343
3098878749
8717209265
12115424893
2518094240
2744424763
6393471141
3433129064
11285923
3975541205
5373379852
11751467524
3903127652
6754878301
4881494463
2922822312
5327199565
476522149
135403458
290352449
5652456005
10452320753
3834666595
902931121
3145645062
3178671427
8207583813
11865559784
12394687285
7042311519
4075755931
3200093159
5327804248
5528479218
6099517784
218443475
4815287512
3030569000
84458462
222230805
3975540357
5258779264
5258787944
6274415699
9364940315
3274975038
4075755249
2419784
3834663499
7572912284
11865565484
5214135976
2682134074
1764482158
1523271735
3161248705
5554065147
8330799711
4761460388
4078431597
2064729309
504119953
4646928511
5337297744
3312424155
5872537194
4166180925
3710376347
2681345869
3388817009
3862834515
3259427928
2277350882
3237255951
4106629436
167199979
626423947
2526804633
3379263383
40217553
4276888849
4711356203
5539659661
135426569
99211924
1954858119
1955829324
6912342059
5559133780
5872007993
4057508622
4194763014
6078152574
5038777282
4849535064
4016840355
4827691370
4402144343
5111026452
11285738
11519325455
290352789
278547181
8354857679
3985829810
2419794
4382798484
135403471
4848922425
2198568402
296734025
7698280
5327194153
9844520683
8045929798
8112078862
5229240089
3042705721
5091231717
3917718572
99211656
8363954689
10659731604
8263232359
8643347864
9027365431
4012849691
11941861445
9327118380
3030568636
4647546930
2744426511
2497966897
10659727256
3886526290
4532265568
7091156673
9265752334
1675777022
1955158259
278546373
3885721603
8051576810
288817385
2357088640
3692589214
2629823425
5910538288
2814999674
84441115
7977595050
4760828391
9186319976
7748954478
486487191
3944433203
4771816933
6880119369
471121472
3568382785
9844326286
6044966447
3629356261
5653022524
6492330635
2477062839
1851554226
4216955108
9857652416
3886519232
4062572949
1764523648
3470967057
3216505410
2873159696
3944717785
3676835261
5269720571
4043632820
471121914
4640696042
6700321899
3434353579
3389628258
10659941403
99211505
3711183180
486485057
4455558382
285688613
1428403377
278548346
103561230
12393320174
5872554998
3944415507
5758306215
3944409745
8326529064
3863621498
416544904
7014621337
1674810741
3985102209
8331858452
5900625846
6226118231
12394929383
9029686416
3098875501
3951806833
1956115780
3985091689
7228807544
7698242
3691776525
8768460867
6045501062
8207584161
11751269183
2276565433
7323923
10659456165
4236720636
2873162268
290354671
2921951447
903801204
3485942395
3629359103
10650631163
6971258817
6669386945
4405329102
318615210
4745842759
3100190697
5250705062
99211619
2873158508
902952215
5229209697
3710370971
6865246830
4511272595
285685885
4076508876
8051589827
4076509600
8044744331
8219336145
278547325
318613804
285686822
4438250977
11751268593
1428412035
1635527310
8991997243
6393468353
9857658116
6159240676
11932875205
3835450838
7698257
9548317540
4760829137
288817416
2829752767
6163356947
3433128840
2872331799
8326529290
2973556560
5987189528
2781049523
856091671
4076509470
7796638100
59041114
6917829763
8325469161
5128340310
5528464336
4881495417
3568588428
10497577256
486482979
2217335676
486483191
70503633
2531087583
6705163319
5773417047
4647546444
3885725243
7225663952
6669392599
31732960
2830587346
3692557936
1851342008
4989365306
4646931035
3098876333
1850556281
84458500
59041104
2178785292
5229235771
5582121742
8482131910
5327200789
3885728081
5250102031
6691761153
1535297933
243220980
4108661410
6943850480
3691759055
278546233
7259500376
4960126389
7042267503
7867357776
1465972308
19323760
3935233154
3274152973
822309520
2419799
7228828422
4760827205
5501213672
9633861447
7748955224
2419803
9205897640
4402907532
4881459899
3422896185
9690524424
218441561
4637524520
32118479
2531086231
10497699144
3691795385
9203115019
6084535990
476522037
11232657803
3688095294
903801192
7259489050
7770570644
8326527544
1850703607
3886525796
8326528622
3516859062
288817407
3863809775
32118433
4633641116
7193398586
487291995
3297716571
7782712882
5464344376
99211516
4074848725
8773360440
243222498
1851515838
243218074
103570249
2372101423
243216999
4207511469
12394604704
3099697004
3985111577
416554672
8326526816
4694931060
3779340635
3676833557
3829736657
10497803483
10536057123
486486823
46262143
7284029260
3312421765
2681345863
8298394302
821428749
1675673802
5062923419
486453704
5500628375
8326527826
7228788406
11285970
84458531
278548445
3779292138
4086059767
3099718398
3567829989
5187088803
318615817
6971269095
1523277395
3099692474
4208275282
3312420079
5338890009
5327806080
1674815731
10498053933
6494694223
5250031697
471141027
7698254
328997207
3274153589
4882069104
4633045671
2509627375
10125352554
3732922440
5722301303
5528465620
10497546425
11703565136
8617967439
8325469703
5187089159
5229202579
10452380743
27483924
2531902786
8326528174
6669386079
6017338383
9545507983
5500626763
318616209
27483771
8326526524
3691842633
32118529
222126959
6417793045
4267806859
3570535404
2457746116
5338891677
7770571480
4619788825
8326527310
1675788826
4734227438
7259499424
4760827501
4760827875
3780593482
3162081566
4619787693
7698222
7748951080
822305240
8839312532
5828792819
7154217817
3892187606
5229795872
6970820504
6193266919
8933604059
4760065957
4881460063
2348425577
487289139
243217057
3692592608
4881460225
5828791279
4633186615
1675789874
5829342256
5829340236
3434847955
5829340030
5229820728
5187088597
2177843201
5828793781
2830589086
5828792309
3422943551
3779304642
5829341704
822313004
6193265393
3536116282
4952940070
5829341838
285683956
3810062950
3388816651
4357819418
5828791811
5828793889
5829340624
9186318896
5829341000
4633046903
4733463223
4633046329
8325470805
2369443929
10497728943
8325471785
4778522253
4881495115
10497718194
5828792027
8838747427
1674805035
1306850114
3710382699
10497766153
272681965
278548241
2367257762
2373407571
6417790281
8040025822
7193223824
3710486377
4745834327
7201319212
2579660742
2579660906
3691805243
####
